timestamp	readout	x	y	z
15:26:18.126405	1	0.289	-0.032	1.063
15:26:18.128969	2	0.29	-0.037	1.056
15:26:18.131533	3	0.288	-0.033	1.059
15:26:18.134097	4	0.292	-0.034	1.054
15:26:18.136661	5	0.292	-0.04	1.056
15:26:18.139225	6	0.292	-0.04	1.054
15:26:18.141789	7	0.292	-0.04	1.054
15:26:18.144353	8	0.296	-0.04	1.054
15:26:18.146917	9	0.298	-0.04	1.063
15:26:18.149481	10	0.288	-0.04	1.052
15:26:18.152045	11	0.296	-0.036	1.051
15:26:18.154609	12	0.295	-0.034	1.052
15:26:18.157173	13	0.292	-0.04	1.054
15:26:18.159737	14	0.292	-0.044	1.051
15:26:18.162301	15	0.296	-0.039	1.054
15:26:18.164865	16	0.293	-0.041	1.052
15:26:18.167429	17	0.296	-0.04	1.054
15:26:18.169993	18	0.292	-0.039	1.052
15:26:18.172557	19	0.292	-0.036	1.056
15:26:18.175121	20	0.29	-0.04	1.048
15:26:18.177685	21	0.296	-0.04	1.052
15:26:18.180249	22	0.292	-0.04	1.055
15:26:18.182813	23	0.292	-0.044	1.055
15:26:18.185377	24	0.292	-0.039	1.054
15:26:18.187941	25	0.296	-0.036	1.062
15:26:18.190505	26	0.292	-0.04	1.059
15:26:18.193069	27	0.292	-0.039	1.055
15:26:18.195633	28	0.292	-0.036	1.055
15:26:18.198197	29	0.295	-0.036	1.052
15:26:18.200761	30	0.29	-0.04	1.054
15:26:18.203325	31	0.293	-0.036	1.055
15:26:18.205889	32	0.295	-0.039	1.048
15:26:18.208453	33	0.295	-0.032	1.048
15:26:18.211017	34	0.292	-0.036	1.052
15:26:18.213581	35	0.292	-0.039	1.052
15:26:18.216145	36	0.292	-0.04	1.048
15:26:18.218709	37	0.292	-0.036	1.055
15:26:18.221273	38	0.288	-0.039	1.057
15:26:18.223837	39	0.295	-0.04	1.054
15:26:18.226401	40	0.292	-0.039	1.054
15:26:18.228965	41	0.296	-0.039	1.055
15:26:18.231529	42	0.29	-0.042	1.056
15:26:18.234093	43	0.292	-0.036	1.052
15:26:18.236657	44	0.296	-0.04	1.056
15:26:18.239221	45	0.296	-0.04	1.056
15:26:18.241785	46	0.29	-0.045	1.055
15:26:18.244349	47	0.289	-0.037	1.052
15:26:18.246913	48	0.296	-0.036	1.055
15:26:18.249477	49	0.292	-0.04	1.056
15:26:18.252041	50	0.292	-0.04	1.055
15:26:18.254605	51	0.292	-0.04	1.056
15:26:18.257169	52	0.296	-0.039	1.052
15:26:18.259733	53	0.296	-0.039	1.054
15:26:18.262297	54	0.292	-0.039	1.056
15:26:18.264861	55	0.295	-0.04	1.055
15:26:18.267425	56	0.3	-0.034	1.056
15:26:18.269989	57	0.292	-0.036	1.055
15:26:18.272553	58	0.288	-0.042	1.051
15:26:18.275117	59	0.296	-0.041	1.052
15:26:18.277681	60	0.3	-0.036	1.055
15:26:18.280245	61	0.292	-0.041	1.055
15:26:18.282809	62	0.292	-0.041	1.052
15:26:18.285373	63	0.296	-0.036	1.052
15:26:18.287937	64	0.296	-0.034	1.059
15:26:18.290501	65	0.29	-0.04	1.055
15:26:18.293065	66	0.296	-0.04	1.052
15:26:18.295629	67	0.296	-0.036	1.049
15:26:18.298193	68	0.296	-0.042	1.055
15:26:18.300757	69	0.295	-0.044	1.055
15:26:18.303321	70	0.296	-0.039	1.054
15:26:18.305885	71	0.293	-0.037	1.055
15:26:18.308449	72	0.295	-0.04	1.055
15:26:18.311013	73	0.289	-0.041	1.051
15:26:18.313577	74	0.29	-0.037	1.054
15:26:18.316141	75	0.296	-0.041	1.054
15:26:18.318705	76	0.295	-0.04	1.052
15:26:18.321269	77	0.296	-0.04	1.054
15:26:18.323833	78	0.296	-0.039	1.056
15:26:18.326397	79	0.292	-0.04	1.049
15:26:18.328961	80	0.295	-0.039	1.054
15:26:18.331525	81	0.295	-0.034	1.054
15:26:18.334089	82	0.295	-0.04	1.055
15:26:18.336653	83	0.293	-0.039	1.052
15:26:18.339217	84	0.296	-0.039	1.052
15:26:18.341781	85	0.292	-0.04	1.055
15:26:18.344345	86	0.292	-0.04	1.054
15:26:18.346909	87	0.29	-0.04	1.052
15:26:18.349473	88	0.293	-0.039	1.055
15:26:18.352037	89	0.292	-0.039	1.055
15:26:18.354601	90	0.296	-0.04	1.052
15:26:18.357165	91	0.297	-0.039	1.054
15:26:18.359729	92	0.292	-0.04	1.056
15:26:18.362293	93	0.29	-0.042	1.052
15:26:18.364857	94	0.295	-0.04	1.054
15:26:18.367421	95	0.292	-0.041	1.054
15:26:18.369985	96	0.296	-0.04	1.057
15:26:18.372549	97	0.288	-0.04	1.052
15:26:18.375113	98	0.301	-0.039	1.054
15:26:18.377677	99	0.296	-0.036	1.055
15:26:18.380241	100	0.292	-0.04	1.055
15:26:18.382805	101	0.289	-0.04	1.055
15:26:18.385369	102	0.296	-0.036	1.055
15:26:18.387933	103	0.296	-0.045	1.056
15:26:18.390497	104	0.29	-0.04	1.055
15:26:18.393061	105	0.29	-0.039	1.052
15:26:18.395625	106	0.296	-0.036	1.056
15:26:18.398189	107	0.292	-0.04	1.047
15:26:18.400753	108	0.292	-0.04	1.054
15:26:18.403317	109	0.296	-0.039	1.054
15:26:18.405881	110	0.298	-0.041	1.055
15:26:18.408445	111	0.293	-0.04	1.049
15:26:18.411009	112	0.295	-0.033	1.054
15:26:18.413573	113	0.293	-0.04	1.055
15:26:18.416137	114	0.295	-0.037	1.055
15:26:18.418701	115	0.29	-0.041	1.054
15:26:18.421265	116	0.296	-0.039	1.056
15:26:18.423829	117	0.296	-0.047	1.059
15:26:18.426393	118	0.29	-0.042	1.052
15:26:18.428957	119	0.292	-0.036	1.051
15:26:18.431521	120	0.292	-0.039	1.055
15:26:18.434085	121	0.296	-0.044	1.052
15:26:18.436649	122	0.296	-0.036	1.051
15:26:18.439213	123	0.296	-0.039	1.052
15:26:18.441777	124	0.296	-0.04	1.055
15:26:18.444341	125	0.29	-0.044	1.055
15:26:18.446905	126	0.296	-0.04	1.055
15:26:18.449469	127	0.295	-0.04	1.054
15:26:18.452033	128	0.292	-0.04	1.052
15:26:18.454597	129	0.293	-0.041	1.054
15:26:18.457161	130	0.297	-0.036	1.059
15:26:18.459725	131	0.296	-0.04	1.056
15:26:18.462289	132	0.29	-0.04	1.048
15:26:18.464853	133	0.296	-0.036	1.052
15:26:18.467417	134	0.296	-0.036	1.055
15:26:18.469981	135	0.292	-0.04	1.054
15:26:18.472545	136	0.29	-0.04	1.052
15:26:18.475109	137	0.301	-0.04	1.055
15:26:18.477673	138	0.293	-0.04	1.056
15:26:18.480237	139	0.288	-0.04	1.049
15:26:18.482801	140	0.293	-0.036	1.048
15:26:18.485365	141	0.296	-0.039	1.057
15:26:18.487929	142	0.292	-0.037	1.055
15:26:18.490493	143	0.292	-0.036	1.059
15:26:18.493057	144	0.29	-0.04	1.054
15:26:18.495621	145	0.295	-0.041	1.052
15:26:18.498185	146	0.292	-0.04	1.054
15:26:18.500749	147	0.296	-0.04	1.055
15:26:18.503313	148	0.298	-0.036	1.056
15:26:18.505877	149	0.292	-0.036	1.063
15:26:18.508441	150	0.287	-0.042	1.051
15:26:18.511005	151	0.29	-0.034	1.055
15:26:18.513569	152	0.295	-0.04	1.055
15:26:18.516133	153	0.29	-0.044	1.06
15:26:18.518697	154	0.288	-0.04	1.049
15:26:18.521261	155	0.301	-0.036	1.056
15:26:18.523825	156	0.293	-0.036	1.055
15:26:18.526389	157	0.29	-0.041	1.052
15:26:18.528953	158	0.292	-0.036	1.049
15:26:18.531517	159	0.298	-0.036	1.055
15:26:18.534081	160	0.29	-0.042	1.057
15:26:18.536645	161	0.288	-0.04	1.055
15:26:18.539209	162	0.295	-0.04	1.055
15:26:18.541773	163	0.292	-0.036	1.054
15:26:18.544337	164	0.29	-0.04	1.049
15:26:18.546901	165	0.292	-0.034	1.055
15:26:18.549465	166	0.295	-0.036	1.054
15:26:18.552029	167	0.296	-0.04	1.057
15:26:18.554593	168	0.296	-0.039	1.055
15:26:18.557157	169	0.293	-0.039	1.06
15:26:18.559721	170	0.292	-0.036	1.052
15:26:18.562285	171	0.292	-0.034	1.049
15:26:18.564849	172	0.29	-0.034	1.055
15:26:18.567413	173	0.296	-0.036	1.052
15:26:18.569977	174	0.292	-0.04	1.048
15:26:18.572541	175	0.292	-0.036	1.054
15:26:18.575105	176	0.295	-0.04	1.054
15:26:18.577669	177	0.289	-0.04	1.057
15:26:18.580233	178	0.292	-0.04	1.048
15:26:18.582797	179	0.296	-0.032	1.055
15:26:18.585361	180	0.295	-0.04	1.054
15:26:18.587925	181	0.292	-0.04	1.052
15:26:18.590489	182	0.292	-0.037	1.052
15:26:18.593053	183	0.296	-0.04	1.056
15:26:18.595617	184	0.292	-0.04	1.057
15:26:18.598181	185	0.292	-0.041	1.052
15:26:18.600745	186	0.29	-0.034	1.054
15:26:18.603309	187	0.296	-0.036	1.055
15:26:18.605873	188	0.292	-0.044	1.059
15:26:18.608437	189	0.289	-0.036	1.055
15:26:18.611001	190	0.292	-0.04	1.054
15:26:18.613565	191	0.295	-0.037	1.059
15:26:18.616129	192	0.292	-0.047	1.055
15:26:18.618693	193	0.296	-0.04	1.057
15:26:18.621257	194	0.296	-0.039	1.056
15:26:18.623821	195	0.296	-0.039	1.063
15:26:18.626385	196	0.29	-0.04	1.052
15:26:18.628949	197	0.295	-0.036	1.056
15:26:18.631513	198	0.292	-0.033	1.057
15:26:18.634077	199	0.296	-0.04	1.055
15:26:18.636641	200	0.295	-0.04	1.055
15:26:18.639205	201	0.296	-0.04	1.055
15:26:18.641769	202	0.295	-0.04	1.048
15:26:18.644333	203	0.296	-0.039	1.049
15:26:18.646897	204	0.296	-0.04	1.054
15:26:18.649461	205	0.292	-0.039	1.055
15:26:18.652025	206	0.296	-0.04	1.054
15:26:18.654589	207	0.296	-0.039	1.055
15:26:18.657153	208	0.296	-0.039	1.055
15:26:18.659717	209	0.295	-0.042	1.046
15:26:18.662281	210	0.296	-0.033	1.051
15:26:18.664845	211	0.295	-0.037	1.055
15:26:18.667409	212	0.292	-0.042	1.057
15:26:18.669973	213	0.293	-0.039	1.052
15:26:18.672537	214	0.296	-0.034	1.056
15:26:18.675101	215	0.293	-0.036	1.057
15:26:18.677665	216	0.292	-0.044	1.054
15:26:18.680229	217	0.292	-0.039	1.056
15:26:18.682793	218	0.292	-0.04	1.054
15:26:18.685357	219	0.292	-0.036	1.056
15:26:18.687921	220	0.295	-0.04	1.057
15:26:18.690485	221	0.292	-0.04	1.056
15:26:18.693049	222	0.295	-0.039	1.052
15:26:18.695613	223	0.296	-0.037	1.055
15:26:18.698177	224	0.288	-0.04	1.056
15:26:18.700741	225	0.29	-0.039	1.055
15:26:18.703305	226	0.296	-0.041	1.056
15:26:18.705869	227	0.296	-0.04	1.056
15:26:18.708433	228	0.292	-0.039	1.054
15:26:18.710997	229	0.29	-0.039	1.054
15:26:18.713561	230	0.296	-0.04	1.054
15:26:18.716125	231	0.292	-0.042	1.055
15:26:18.718689	232	0.292	-0.04	1.057
15:26:18.721253	233	0.296	-0.041	1.055
15:26:18.723817	234	0.296	-0.04	1.055
15:26:18.726381	235	0.292	-0.04	1.052
15:26:18.728945	236	0.292	-0.036	1.056
15:26:18.731509	237	0.293	-0.04	1.052
15:26:18.734073	238	0.296	-0.042	1.055
15:26:18.736637	239	0.295	-0.04	1.057
15:26:18.739201	240	0.296	-0.045	1.055
15:26:18.741765	241	0.296	-0.04	1.052
15:26:18.744329	242	0.297	-0.037	1.051
15:26:18.746893	243	0.292	-0.04	1.052
15:26:18.749457	244	0.292	-0.04	1.051
15:26:18.752021	245	0.296	-0.04	1.052
15:26:18.754585	246	0.296	-0.039	1.059
15:26:18.757149	247	0.292	-0.039	1.048
15:26:18.759713	248	0.296	-0.036	1.056
15:26:18.762277	249	0.288	-0.039	1.054
15:26:18.764841	250	0.292	-0.04	1.055
15:26:18.767405	251	0.289	-0.04	1.049
15:26:18.769969	252	0.295	-0.036	1.056
15:26:18.772533	253	0.29	-0.044	1.055
15:26:18.775097	254	0.296	-0.036	1.059
15:26:18.777661	255	0.29	-0.04	1.055
15:26:18.780225	256	0.295	-0.036	1.055
15:26:18.782789	257	0.292	-0.037	1.052
15:26:18.785353	258	0.298	-0.039	1.055
15:26:18.787917	259	0.292	-0.04	1.054
15:26:18.790481	260	0.296	-0.036	1.055
15:26:18.793045	261	0.296	-0.04	1.052
15:26:18.795609	262	0.295	-0.033	1.052
15:26:18.798173	263	0.29	-0.04	1.051
15:26:18.800737	264	0.295	-0.037	1.059
15:26:18.803301	265	0.292	-0.042	1.052
15:26:18.805865	266	0.296	-0.037	1.057
15:26:18.808429	267	0.29	-0.04	1.052
15:26:18.810993	268	0.295	-0.039	1.059
15:26:18.813557	269	0.295	-0.04	1.048
15:26:18.816121	270	0.296	-0.039	1.06
15:26:18.818685	271	0.288	-0.045	1.055
15:26:18.821249	272	0.292	-0.04	1.057
15:26:18.823813	273	0.296	-0.04	1.055
15:26:18.826377	274	0.298	-0.036	1.055
15:26:18.828941	275	0.288	-0.04	1.049
15:26:18.831505	276	0.29	-0.036	1.052
15:26:18.834069	277	0.295	-0.04	1.054
15:26:18.836633	278	0.292	-0.04	1.059
15:26:18.839197	279	0.29	-0.045	1.051
15:26:18.841761	280	0.296	-0.039	1.055
15:26:18.844325	281	0.296	-0.039	1.055
15:26:18.846889	282	0.292	-0.04	1.055
15:26:18.849453	283	0.292	-0.039	1.054
15:26:18.852017	284	0.3	-0.036	1.056
15:26:18.854581	285	0.292	-0.037	1.056
15:26:18.857145	286	0.292	-0.039	1.054
15:26:18.859709	287	0.292	-0.036	1.057
15:26:18.862273	288	0.292	-0.036	1.062
15:26:18.864837	289	0.289	-0.041	1.052
15:26:18.867401	290	0.292	-0.032	1.052
15:26:18.869965	291	0.296	-0.039	1.056
15:26:18.872529	292	0.292	-0.039	1.055
15:26:18.875093	293	0.288	-0.036	1.052
15:26:18.877657	294	0.296	-0.036	1.052
15:26:18.880221	295	0.292	-0.04	1.057
15:26:18.882785	296	0.292	-0.04	1.054
15:26:18.885349	297	0.29	-0.036	1.054
15:26:18.887913	298	0.295	-0.037	1.055
15:26:18.890477	299	0.289	-0.045	1.055
15:26:18.893041	300	0.29	-0.036	1.052
15:26:18.895605	301	0.295	-0.037	1.055
15:26:18.898169	302	0.293	-0.039	1.054
15:26:18.900733	303	0.29	-0.04	1.054
15:26:18.903297	304	0.292	-0.036	1.051
15:26:18.905861	305	0.301	-0.032	1.055
15:26:18.908425	306	0.292	-0.039	1.055
15:26:18.910989	307	0.295	-0.04	1.054
15:26:18.913553	308	0.297	-0.037	1.055
15:26:18.916117	309	0.292	-0.037	1.055
15:26:18.918681	310	0.289	-0.042	1.055
15:26:18.921245	311	0.295	-0.04	1.059
15:26:18.923809	312	0.296	-0.04	1.057
15:26:18.926373	313	0.292	-0.04	1.059
15:26:18.928937	314	0.292	-0.036	1.052
15:26:18.931501	315	0.296	-0.04	1.057
15:26:18.934065	316	0.292	-0.039	1.056
15:26:18.936629	317	0.289	-0.044	1.055
15:26:18.939193	318	0.29	-0.04	1.055
15:26:18.941757	319	0.298	-0.04	1.059
15:26:18.944321	320	0.295	-0.045	1.059
15:26:18.946885	321	0.289	-0.034	1.052
15:26:18.949449	322	0.296	-0.036	1.054
15:26:18.952013	323	0.295	-0.041	1.056
15:26:18.954577	324	0.292	-0.04	1.056
15:26:18.957141	325	0.292	-0.037	1.057
15:26:18.959705	326	0.295	-0.034	1.055
15:26:18.962269	327	0.292	-0.04	1.057
15:26:18.964833	328	0.293	-0.036	1.048
15:26:18.967397	329	0.298	-0.034	1.056
15:26:18.969961	330	0.295	-0.039	1.057
15:26:18.972525	331	0.296	-0.04	1.055
15:26:18.975089	332	0.288	-0.036	1.052
15:26:18.977653	333	0.296	-0.036	1.055
15:26:18.980217	334	0.29	-0.041	1.055
15:26:18.982781	335	0.296	-0.039	1.054
15:26:18.985345	336	0.296	-0.037	1.052
15:26:18.987909	337	0.296	-0.036	1.059
15:26:18.990473	338	0.292	-0.041	1.052
15:26:18.993037	339	0.295	-0.036	1.055
15:26:18.995601	340	0.293	-0.036	1.051
15:26:18.998165	341	0.288	-0.04	1.054
15:26:19.000729	342	0.288	-0.036	1.054
15:26:19.003293	343	0.297	-0.04	1.057
15:26:19.005857	344	0.292	-0.04	1.054
15:26:19.008421	345	0.292	-0.039	1.057
15:26:19.010985	346	0.297	-0.04	1.056
15:26:19.013549	347	0.296	-0.04	1.062
15:26:19.016113	348	0.289	-0.04	1.049
15:26:19.018677	349	0.292	-0.036	1.049
15:26:19.021241	350	0.296	-0.041	1.055
15:26:19.023805	351	0.295	-0.041	1.052
15:26:19.026369	352	0.292	-0.04	1.048
15:26:19.028933	353	0.296	-0.039	1.059
15:26:19.031497	354	0.296	-0.048	1.055
15:26:19.034061	355	0.29	-0.045	1.049
15:26:19.036625	356	0.292	-0.039	1.052
15:26:19.039189	357	0.292	-0.04	1.056
15:26:19.041753	358	0.292	-0.04	1.052
15:26:19.044317	359	0.289	-0.039	1.048
15:26:19.046881	360	0.292	-0.036	1.055
15:26:19.049445	361	0.296	-0.044	1.054
15:26:19.052009	362	0.296	-0.045	1.052
15:26:19.054573	363	0.293	-0.033	1.052
15:26:19.057137	364	0.292	-0.039	1.055
15:26:19.059701	365	0.292	-0.04	1.054
15:26:19.062265	366	0.289	-0.045	1.049
15:26:19.064829	367	0.29	-0.04	1.055
15:26:19.067393	368	0.295	-0.042	1.052
15:26:19.069957	369	0.293	-0.04	1.052
15:26:19.072521	370	0.292	-0.04	1.055
15:26:19.075085	371	0.292	-0.04	1.056
15:26:19.077649	372	0.29	-0.039	1.051
15:26:19.080213	373	0.29	-0.04	1.048
15:26:19.082777	374	0.296	-0.04	1.055
15:26:19.085341	375	0.29	-0.041	1.052
15:26:19.087905	376	0.295	-0.039	1.052
15:26:19.090469	377	0.296	-0.039	1.052
15:26:19.093033	378	0.298	-0.04	1.059
15:26:19.095597	379	0.29	-0.041	1.046
15:26:19.098161	380	0.288	-0.039	1.048
15:26:19.100725	381	0.296	-0.039	1.055
15:26:19.103289	382	0.293	-0.044	1.062
15:26:19.105853	383	0.289	-0.04	1.052
15:26:19.108417	384	0.296	-0.032	1.054
15:26:19.110981	385	0.296	-0.04	1.057
15:26:19.113545	386	0.296	-0.041	1.055
15:26:19.116109	387	0.288	-0.036	1.051
15:26:19.118673	388	0.296	-0.036	1.056
15:26:19.121237	389	0.296	-0.042	1.056
15:26:19.123801	390	0.288	-0.04	1.051
15:26:19.126365	391	0.289	-0.036	1.048
15:26:19.128929	392	0.301	-0.036	1.057
15:26:19.131493	393	0.295	-0.042	1.054
15:26:19.134057	394	0.29	-0.039	1.055
15:26:19.136621	395	0.292	-0.037	1.052
15:26:19.139185	396	0.296	-0.04	1.059
15:26:19.141749	397	0.292	-0.045	1.055
15:26:19.144313	398	0.293	-0.036	1.062
15:26:19.146877	399	0.296	-0.039	1.054
15:26:19.149441	400	0.298	-0.04	1.055
15:26:19.152005	401	0.292	-0.04	1.054
15:26:19.154569	402	0.297	-0.039	1.055
15:26:19.157133	403	0.292	-0.039	1.049
15:26:19.159697	404	0.29	-0.04	1.052
15:26:19.162261	405	0.292	-0.04	1.055
15:26:19.164825	406	0.296	-0.04	1.055
15:26:19.167389	407	0.29	-0.041	1.048
15:26:19.169953	408	0.296	-0.04	1.056
15:26:19.172517	409	0.296	-0.04	1.059
15:26:19.175081	410	0.292	-0.041	1.059
15:26:19.177645	411	0.292	-0.04	1.049
15:26:19.180209	412	0.296	-0.036	1.055
15:26:19.182773	413	0.29	-0.04	1.056
15:26:19.185337	414	0.289	-0.04	1.052
15:26:19.187901	415	0.29	-0.036	1.054
15:26:19.190465	416	0.301	-0.036	1.059
15:26:19.193029	417	0.292	-0.042	1.056
15:26:19.195593	418	0.292	-0.039	1.054
15:26:19.198157	419	0.292	-0.037	1.052
15:26:19.200721	420	0.301	-0.036	1.063
15:26:19.203285	421	0.289	-0.04	1.052
15:26:19.205849	422	0.289	-0.036	1.049
15:26:19.208413	423	0.297	-0.036	1.055
15:26:19.210977	424	0.296	-0.037	1.059
15:26:19.213541	425	0.292	-0.04	1.055
15:26:19.216105	426	0.29	-0.039	1.052
15:26:19.218669	427	0.296	-0.036	1.052
15:26:19.221233	428	0.296	-0.036	1.06
15:26:19.223797	429	0.288	-0.042	1.052
15:26:19.226361	430	0.292	-0.04	1.049
15:26:19.228925	431	0.296	-0.036	1.052
15:26:19.231489	432	0.296	-0.041	1.055
15:26:19.234053	433	0.288	-0.045	1.052
15:26:19.236617	434	0.296	-0.036	1.052
15:26:19.239181	435	0.296	-0.037	1.056
15:26:19.241745	436	0.292	-0.041	1.055
15:26:19.244309	437	0.288	-0.045	1.054
15:26:19.246873	438	0.292	-0.04	1.055
15:26:19.249437	439	0.293	-0.04	1.055
15:26:19.252001	440	0.296	-0.042	1.055
15:26:19.254565	441	0.296	-0.04	1.054
15:26:19.257129	442	0.292	-0.04	1.054
15:26:19.259693	443	0.292	-0.04	1.049
15:26:19.262257	444	0.296	-0.039	1.055
15:26:19.264821	445	0.288	-0.045	1.055
15:26:19.267385	446	0.292	-0.04	1.052
15:26:19.269949	447	0.298	-0.037	1.062
15:26:19.272513	448	0.298	-0.039	1.059
15:26:19.275077	449	0.288	-0.045	1.052
15:26:19.277641	450	0.292	-0.032	1.049
15:26:19.280205	451	0.296	-0.039	1.054
15:26:19.282769	452	0.289	-0.04	1.055
15:26:19.285333	453	0.288	-0.042	1.054
15:26:19.287897	454	0.3	-0.036	1.055
15:26:19.290461	455	0.296	-0.036	1.059
15:26:19.293025	456	0.292	-0.039	1.054
15:26:19.295589	457	0.288	-0.045	1.047
15:26:19.298153	458	0.295	-0.036	1.054
15:26:19.300717	459	0.292	-0.041	1.057
15:26:19.303281	460	0.292	-0.04	1.055
15:26:19.305845	461	0.295	-0.041	1.052
15:26:19.308409	462	0.292	-0.04	1.054
15:26:19.310973	463	0.292	-0.041	1.049
15:26:19.313537	464	0.289	-0.039	1.052
15:26:19.316101	465	0.29	-0.039	1.055
15:26:19.318665	466	0.289	-0.04	1.056
15:26:19.321229	467	0.296	-0.039	1.054
15:26:19.323793	468	0.295	-0.036	1.052
15:26:19.326357	469	0.295	-0.039	1.055
15:26:19.328921	470	0.296	-0.042	1.049
15:26:19.331485	471	0.293	-0.036	1.054
15:26:19.334049	472	0.292	-0.036	1.054
15:26:19.336613	473	0.29	-0.042	1.056
15:26:19.339177	474	0.292	-0.041	1.051
15:26:19.341741	475	0.295	-0.039	1.059
15:26:19.344305	476	0.292	-0.04	1.055
15:26:19.346869	477	0.29	-0.045	1.054
15:26:19.349433	478	0.292	-0.039	1.055
15:26:19.351997	479	0.296	-0.036	1.059
15:26:19.354561	480	0.288	-0.042	1.056
15:26:19.357125	481	0.292	-0.039	1.052
15:26:19.359689	482	0.292	-0.034	1.055
15:26:19.362253	483	0.296	-0.036	1.057
15:26:19.364817	484	0.29	-0.04	1.052
15:26:19.367381	485	0.292	-0.039	1.055
15:26:19.369945	486	0.297	-0.039	1.055
15:26:19.372509	487	0.29	-0.04	1.055
15:26:19.375073	488	0.288	-0.041	1.049
15:26:19.377637	489	0.296	-0.033	1.057
15:26:19.380201	490	0.29	-0.039	1.055
15:26:19.382765	491	0.295	-0.041	1.055
15:26:19.385329	492	0.29	-0.039	1.052
15:26:19.387893	493	0.298	-0.04	1.057
15:26:19.390457	494	0.296	-0.04	1.055
15:26:19.393021	495	0.292	-0.039	1.051
15:26:19.395585	496	0.292	-0.036	1.055
15:26:19.398149	497	0.295	-0.036	1.06
15:26:19.400713	498	0.292	-0.039	1.052
15:26:19.403277	499	0.296	-0.037	1.057
15:26:19.405841	500	0.295	-0.036	1.056
15:26:19.408405	501	0.295	-0.041	1.06
15:26:19.410969	502	0.292	-0.036	1.052
15:26:19.413533	503	0.292	-0.036	1.057
15:26:19.416097	504	0.289	-0.036	1.055
15:26:19.418661	505	0.295	-0.04	1.054
15:26:19.421225	506	0.292	-0.039	1.055
15:26:19.423789	507	0.296	-0.039	1.056
15:26:19.426353	508	0.292	-0.042	1.055
15:26:19.428917	509	0.29	-0.04	1.052
15:26:19.431481	510	0.292	-0.039	1.055
15:26:19.434045	511	0.29	-0.036	1.057
15:26:19.436609	512	0.288	-0.041	1.055
15:26:19.439173	513	0.293	-0.039	1.06
15:26:19.441737	514	0.296	-0.039	1.055
15:26:19.444301	515	0.29	-0.039	1.055
15:26:19.446865	516	0.293	-0.039	1.052
15:26:19.449429	517	0.298	-0.036	1.056
15:26:19.451993	518	0.292	-0.036	1.054
15:26:19.454557	519	0.289	-0.039	1.054
15:26:19.457121	520	0.29	-0.04	1.054
15:26:19.459685	521	0.296	-0.036	1.055
15:26:19.462249	522	0.289	-0.042	1.055
15:26:19.464813	523	0.292	-0.036	1.052
15:26:19.467377	524	0.293	-0.041	1.056
15:26:19.469941	525	0.29	-0.039	1.057
15:26:19.472505	526	0.29	-0.04	1.052
15:26:19.475069	527	0.292	-0.036	1.055
15:26:19.477633	528	0.292	-0.04	1.055
15:26:19.480197	529	0.289	-0.042	1.056
15:26:19.482761	530	0.295	-0.037	1.052
15:26:19.485325	531	0.296	-0.036	1.055
15:26:19.487889	532	0.292	-0.045	1.057
15:26:19.490453	533	0.292	-0.04	1.052
15:26:19.493017	534	0.292	-0.036	1.055
15:26:19.495581	535	0.292	-0.036	1.052
15:26:19.498145	536	0.289	-0.041	1.056
15:26:19.500709	537	0.295	-0.036	1.052
15:26:19.503273	538	0.296	-0.036	1.055
15:26:19.505837	539	0.29	-0.04	1.055
15:26:19.508401	540	0.296	-0.04	1.057
15:26:19.510965	541	0.296	-0.045	1.052
15:26:19.513529	542	0.289	-0.04	1.052
15:26:19.516093	543	0.295	-0.039	1.054
15:26:19.518657	544	0.292	-0.04	1.057
15:26:19.521221	545	0.289	-0.042	1.055
15:26:19.523785	546	0.292	-0.041	1.055
15:26:19.526349	547	0.301	-0.04	1.059
15:26:19.528913	548	0.298	-0.044	1.057
15:26:19.531477	549	0.288	-0.039	1.052
15:26:19.534041	550	0.295	-0.036	1.052
15:26:19.536605	551	0.298	-0.039	1.056
15:26:19.539169	552	0.292	-0.04	1.055
15:26:19.541733	553	0.288	-0.039	1.048
15:26:19.544297	554	0.297	-0.036	1.056
15:26:19.546861	555	0.297	-0.042	1.057
15:26:19.549425	556	0.288	-0.039	1.055
15:26:19.551989	557	0.292	-0.039	1.049
15:26:19.554553	558	0.303	-0.034	1.059
15:26:19.557117	559	0.292	-0.039	1.055
15:26:19.559681	560	0.292	-0.04	1.057
15:26:19.562245	561	0.296	-0.037	1.048
15:26:19.564809	562	0.3	-0.04	1.054
15:26:19.567373	563	0.289	-0.042	1.047
15:26:19.569937	564	0.296	-0.04	1.054
15:26:19.572501	565	0.295	-0.047	1.052
15:26:19.575065	566	0.306	-0.044	1.043
15:26:19.577629	567	0.298	-0.04	1.047
15:26:19.580193	568	0.298	-0.039	1.055
15:26:19.582757	569	0.292	-0.036	1.054
15:26:19.585321	570	0.296	-0.039	1.054
15:26:19.587885	571	0.296	-0.039	1.055
15:26:19.590449	572	0.296	-0.039	1.059
15:26:19.593013	573	0.287	-0.04	1.049
15:26:19.595577	574	0.292	-0.033	1.052
15:26:19.598141	575	0.298	-0.036	1.055
15:26:19.600705	576	0.292	-0.04	1.056
15:26:19.603269	577	0.292	-0.04	1.048
15:26:19.605833	578	0.298	-0.032	1.056
15:26:19.608397	579	0.296	-0.039	1.055
15:26:19.610961	580	0.288	-0.041	1.056
15:26:19.613525	581	0.292	-0.04	1.049
15:26:19.616089	582	0.3	-0.036	1.056
15:26:19.618653	583	0.29	-0.044	1.055
15:26:19.621217	584	0.292	-0.042	1.055
15:26:19.623781	585	0.296	-0.039	1.055
15:26:19.626345	586	0.301	-0.037	1.059
15:26:19.628909	587	0.292	-0.045	1.059
15:26:19.631473	588	0.292	-0.039	1.055
15:26:19.634037	589	0.296	-0.039	1.055
15:26:19.636601	590	0.296	-0.034	1.059
15:26:19.639165	591	0.29	-0.042	1.051
15:26:19.641729	592	0.293	-0.039	1.055
15:26:19.644293	593	0.293	-0.034	1.052
15:26:19.646857	594	0.296	-0.039	1.055
15:26:19.649421	595	0.292	-0.04	1.055
15:26:19.651985	596	0.296	-0.036	1.056
15:26:19.654549	597	0.29	-0.04	1.052
15:26:19.657113	598	0.29	-0.037	1.059
15:26:19.659677	599	0.293	-0.039	1.055
15:26:19.662241	600	0.292	-0.036	1.055
15:26:19.664805	601	0.289	-0.039	1.048
15:26:19.667369	602	0.295	-0.033	1.055
15:26:19.669933	603	0.296	-0.04	1.055
15:26:19.672497	604	0.29	-0.04	1.056
15:26:19.675061	605	0.289	-0.04	1.048
15:26:19.677625	606	0.298	-0.036	1.056
15:26:19.680189	607	0.293	-0.039	1.052
15:26:19.682753	608	0.288	-0.04	1.051
15:26:19.685317	609	0.296	-0.034	1.048
15:26:19.687881	610	0.301	-0.036	1.059
15:26:19.690445	611	0.292	-0.045	1.051
15:26:19.693009	612	0.292	-0.04	1.054
15:26:19.695573	613	0.296	-0.04	1.055
15:26:19.698137	614	0.296	-0.04	1.059
15:26:19.700701	615	0.292	-0.04	1.052
15:26:19.703265	616	0.29	-0.04	1.054
15:26:19.705829	617	0.295	-0.041	1.052
15:26:19.708393	618	0.297	-0.04	1.057
15:26:19.710957	619	0.29	-0.044	1.055
15:26:19.713521	620	0.292	-0.04	1.052
15:26:19.716085	621	0.298	-0.04	1.052
15:26:19.718649	622	0.296	-0.04	1.059
15:26:19.721213	623	0.289	-0.045	1.055
15:26:19.723777	624	0.292	-0.04	1.049
15:26:19.726341	625	0.297	-0.037	1.052
15:26:19.728905	626	0.296	-0.044	1.057
15:26:19.731469	627	0.288	-0.044	1.051
15:26:19.734033	628	0.29	-0.04	1.048
15:26:19.736597	629	0.296	-0.04	1.054
15:26:19.739161	630	0.296	-0.036	1.056
15:26:19.741725	631	0.292	-0.04	1.055
15:26:19.744289	632	0.292	-0.039	1.047
15:26:19.746853	633	0.296	-0.036	1.052
15:26:19.749417	634	0.296	-0.04	1.06
15:26:19.751981	635	0.295	-0.042	1.054
15:26:19.754545	636	0.295	-0.039	1.054
15:26:19.757109	637	0.296	-0.036	1.055
15:26:19.759673	638	0.29	-0.039	1.052
15:26:19.762237	639	0.295	-0.039	1.055
15:26:19.764801	640	0.29	-0.039	1.052
15:26:19.767365	641	0.292	-0.04	1.055
15:26:19.769929	642	0.292	-0.039	1.055
15:26:19.772493	643	0.296	-0.036	1.055
15:26:19.775057	644	0.289	-0.04	1.052
15:26:19.777621	645	0.293	-0.036	1.052
15:26:19.780185	646	0.288	-0.04	1.049
15:26:19.782749	647	0.292	-0.039	1.054
15:26:19.785313	648	0.296	-0.036	1.055
15:26:19.787877	649	0.297	-0.04	1.059
15:26:19.790441	650	0.292	-0.04	1.048
15:26:19.793005	651	0.296	-0.036	1.054
15:26:19.795569	652	0.29	-0.039	1.052
15:26:19.798133	653	0.295	-0.036	1.055
15:26:19.800697	654	0.288	-0.041	1.052
15:26:19.803261	655	0.296	-0.037	1.057
15:26:19.805825	656	0.296	-0.044	1.052
15:26:19.808389	657	0.292	-0.04	1.052
15:26:19.810953	658	0.292	-0.039	1.048
15:26:19.813517	659	0.296	-0.037	1.055
15:26:19.816081	660	0.293	-0.045	1.048
15:26:19.818645	661	0.296	-0.039	1.055
15:26:19.821209	662	0.295	-0.04	1.054
15:26:19.823773	663	0.298	-0.045	1.057
15:26:19.826337	664	0.296	-0.041	1.052
15:26:19.828901	665	0.298	-0.036	1.055
15:26:19.831465	666	0.295	-0.04	1.055
15:26:19.834029	667	0.29	-0.04	1.055
15:26:19.836593	668	0.29	-0.041	1.054
15:26:19.839157	669	0.296	-0.036	1.055
15:26:19.841721	670	0.29	-0.047	1.054
15:26:19.844285	671	0.292	-0.04	1.052
15:26:19.846849	672	0.296	-0.04	1.052
15:26:19.849413	673	0.301	-0.036	1.056
15:26:19.851977	674	0.288	-0.044	1.048
15:26:19.854541	675	0.293	-0.039	1.052
15:26:19.857105	676	0.296	-0.036	1.054
15:26:19.859669	677	0.296	-0.036	1.059
15:26:19.862233	678	0.288	-0.041	1.052
15:26:19.864797	679	0.298	-0.036	1.052
15:26:19.867361	680	0.295	-0.04	1.054
15:26:19.869925	681	0.289	-0.04	1.055
15:26:19.872489	682	0.295	-0.042	1.052
15:26:19.875053	683	0.297	-0.036	1.057
15:26:19.877617	684	0.293	-0.039	1.052
15:26:19.880181	685	0.295	-0.036	1.054
15:26:19.882745	686	0.296	-0.039	1.054
15:26:19.885309	687	0.297	-0.036	1.063
15:26:19.887873	688	0.289	-0.042	1.054
15:26:19.890437	689	0.292	-0.04	1.055
15:26:19.893001	690	0.295	-0.037	1.054
15:26:19.895565	691	0.293	-0.04	1.055
15:26:19.898129	692	0.289	-0.04	1.049
15:26:19.900693	693	0.296	-0.033	1.059
15:26:19.903257	694	0.288	-0.04	1.054
15:26:19.905821	695	0.297	-0.039	1.057
15:26:19.908385	696	0.293	-0.04	1.055
15:26:19.910949	697	0.292	-0.039	1.049
15:26:19.913513	698	0.293	-0.036	1.051
15:26:19.916077	699	0.298	-0.036	1.059
15:26:19.918641	700	0.292	-0.04	1.055
15:26:19.921205	701	0.292	-0.036	1.052
15:26:19.923769	702	0.297	-0.04	1.052
15:26:19.926333	703	0.293	-0.04	1.055
15:26:19.928897	704	0.289	-0.04	1.051
15:26:19.931461	705	0.296	-0.039	1.056
15:26:19.934025	706	0.295	-0.036	1.054
15:26:19.936589	707	0.305	-0.052	1.048
15:26:19.939153	708	0.3	-0.045	1.047
15:26:19.941717	709	0.296	-0.039	1.054
15:26:19.944281	710	0.293	-0.044	1.052
15:26:19.946845	711	0.296	-0.041	1.054
15:26:19.949409	712	0.296	-0.04	1.055
15:26:19.951973	713	0.296	-0.042	1.057
15:26:19.954537	714	0.29	-0.042	1.052
15:26:19.957101	715	0.296	-0.039	1.054
15:26:19.959665	716	0.296	-0.036	1.054
15:26:19.962229	717	0.292	-0.04	1.048
15:26:19.964793	718	0.293	-0.042	1.052
15:26:19.967357	719	0.297	-0.04	1.055
15:26:19.969921	720	0.296	-0.04	1.055
15:26:19.972485	721	0.289	-0.04	1.052
15:26:19.975049	722	0.296	-0.036	1.056
15:26:19.977613	723	0.296	-0.039	1.055
15:26:19.980177	724	0.292	-0.036	1.054
15:26:19.982741	725	0.292	-0.04	1.049
15:26:19.985305	726	0.296	-0.039	1.055
15:26:19.987869	727	0.296	-0.045	1.055
15:26:19.990433	728	0.295	-0.04	1.054
15:26:19.992997	729	0.295	-0.04	1.051
15:26:19.995561	730	0.292	-0.04	1.055
15:26:19.998125	731	0.288	-0.039	1.047
15:26:20.000689	732	0.29	-0.034	1.054
15:26:20.003253	733	0.292	-0.036	1.055
15:26:20.005817	734	0.298	-0.041	1.059
15:26:20.008381	735	0.288	-0.041	1.048
15:26:20.010945	736	0.297	-0.036	1.057
15:26:20.013509	737	0.293	-0.036	1.055
15:26:20.016073	738	0.289	-0.04	1.054
15:26:20.018637	739	0.288	-0.036	1.054
15:26:20.021201	740	0.298	-0.036	1.059
15:26:20.023765	741	0.295	-0.044	1.059
15:26:20.026329	742	0.29	-0.039	1.057
15:26:20.028893	743	0.292	-0.039	1.052
15:26:20.031457	744	0.292	-0.033	1.057
15:26:20.034021	745	0.288	-0.045	1.054
15:26:20.036585	746	0.29	-0.039	1.059
15:26:20.039149	747	0.295	-0.039	1.054
15:26:20.041713	748	0.293	-0.04	1.057
15:26:20.044277	749	0.292	-0.039	1.055
15:26:20.046841	750	0.296	-0.041	1.056
15:26:20.049405	751	0.292	-0.039	1.055
15:26:20.051969	752	0.296	-0.04	1.055
15:26:20.054533	753	0.292	-0.039	1.055
15:26:20.057097	754	0.296	-0.037	1.056
15:26:20.059661	755	0.289	-0.04	1.048
15:26:20.062225	756	0.296	-0.033	1.051
15:26:20.064789	757	0.296	-0.04	1.055
15:26:20.067353	758	0.293	-0.044	1.059
15:26:20.069917	759	0.293	-0.044	1.052
15:26:20.072481	760	0.296	-0.033	1.056
15:26:20.075045	761	0.292	-0.039	1.052
15:26:20.077609	762	0.289	-0.04	1.052
15:26:20.080173	763	0.292	-0.036	1.051
15:26:20.082737	764	0.296	-0.036	1.055
15:26:20.085301	765	0.293	-0.044	1.054
15:26:20.087865	766	0.293	-0.045	1.055
15:26:20.090429	767	0.29	-0.041	1.057
15:26:20.092993	768	0.295	-0.036	1.052
15:26:20.095557	769	0.296	-0.039	1.059
15:26:20.098121	770	0.29	-0.036	1.054
15:26:20.100685	771	0.292	-0.04	1.054
15:26:20.103249	772	0.296	-0.041	1.057
15:26:20.105813	773	0.295	-0.04	1.059
15:26:20.108377	774	0.288	-0.044	1.054
15:26:20.110941	775	0.292	-0.039	1.052
15:26:20.113505	776	0.298	-0.034	1.055
15:26:20.116069	777	0.292	-0.047	1.059
15:26:20.118633	778	0.292	-0.04	1.052
15:26:20.121197	779	0.298	-0.033	1.056
15:26:20.123761	780	0.3	-0.036	1.057
15:26:20.126325	781	0.292	-0.044	1.055
15:26:20.128889	782	0.29	-0.039	1.049
15:26:20.131453	783	0.298	-0.034	1.055
15:26:20.134017	784	0.296	-0.039	1.059
15:26:20.136581	785	0.289	-0.047	1.054
15:26:20.139145	786	0.296	-0.036	1.052
15:26:20.141709	787	0.297	-0.036	1.052
15:26:20.144273	788	0.297	-0.036	1.055
15:26:20.146837	789	0.29	-0.036	1.055
15:26:20.149401	790	0.293	-0.036	1.055
15:26:20.151965	791	0.292	-0.037	1.052
15:26:20.154529	792	0.295	-0.04	1.052
15:26:20.157093	793	0.296	-0.04	1.062
15:26:20.159657	794	0.296	-0.036	1.055
15:26:20.162221	795	0.293	-0.041	1.048
15:26:20.164785	796	0.295	-0.039	1.054
15:26:20.167349	797	0.29	-0.04	1.055
15:26:20.169913	798	0.29	-0.041	1.055
15:26:20.172477	799	0.293	-0.039	1.055
15:26:20.175041	800	0.292	-0.039	1.055
15:26:20.177605	801	0.292	-0.04	1.059
15:26:20.180169	802	0.292	-0.04	1.054
15:26:20.182733	803	0.297	-0.039	1.055
15:26:20.185297	804	0.295	-0.042	1.056
15:26:20.187861	805	0.292	-0.042	1.059
15:26:20.190425	806	0.289	-0.04	1.052
15:26:20.192989	807	0.296	-0.034	1.059
15:26:20.195553	808	0.296	-0.04	1.059
15:26:20.198117	809	0.288	-0.041	1.055
15:26:20.200681	810	0.292	-0.036	1.048
15:26:20.203245	811	0.296	-0.036	1.055
15:26:20.205809	812	0.295	-0.04	1.054
15:26:20.208373	813	0.29	-0.04	1.052
15:26:20.210937	814	0.296	-0.034	1.054
15:26:20.213501	815	0.296	-0.04	1.055
15:26:20.216065	816	0.29	-0.042	1.052
15:26:20.218629	817	0.292	-0.037	1.048
15:26:20.221193	818	0.296	-0.036	1.049
15:26:20.223757	819	0.296	-0.037	1.055
15:26:20.226321	820	0.292	-0.04	1.051
15:26:20.228885	821	0.292	-0.039	1.055
15:26:20.231449	822	0.295	-0.04	1.054
15:26:20.234013	823	0.296	-0.037	1.055
15:26:20.236577	824	0.293	-0.036	1.054
15:26:20.239141	825	0.293	-0.04	1.056
15:26:20.241705	826	0.292	-0.041	1.051
15:26:20.244269	827	0.292	-0.04	1.052
15:26:20.246833	828	0.295	-0.041	1.052
15:26:20.249397	829	0.296	-0.041	1.055
15:26:20.251961	830	0.296	-0.04	1.051
15:26:20.254525	831	0.303	-0.036	1.054
15:26:20.257089	832	0.29	-0.044	1.052
15:26:20.259653	833	0.292	-0.045	1.052
15:26:20.262217	834	0.296	-0.039	1.055
15:26:20.264781	835	0.296	-0.041	1.059
15:26:20.267345	836	0.293	-0.041	1.055
15:26:20.269909	837	0.3	-0.036	1.059
15:26:20.272473	838	0.29	-0.036	1.055
15:26:20.275037	839	0.295	-0.036	1.056
15:26:20.277601	840	0.29	-0.036	1.052
15:26:20.280165	841	0.296	-0.039	1.055
15:26:20.282729	842	0.292	-0.04	1.052
15:26:20.285293	843	0.292	-0.04	1.055
15:26:20.287857	844	0.296	-0.04	1.054
15:26:20.290421	845	0.293	-0.036	1.052
15:26:20.292985	846	0.289	-0.04	1.048
15:26:20.295549	847	0.292	-0.036	1.055
15:26:20.298113	848	0.29	-0.036	1.059
15:26:20.300677	849	0.289	-0.04	1.055
15:26:20.303241	850	0.292	-0.04	1.054
15:26:20.305805	851	0.296	-0.04	1.056
15:26:20.308369	852	0.292	-0.039	1.057
15:26:20.310933	853	0.292	-0.04	1.055
15:26:20.313497	854	0.301	-0.036	1.055
15:26:20.316061	855	0.29	-0.039	1.055
15:26:20.318625	856	0.288	-0.045	1.054
15:26:20.321189	857	0.293	-0.041	1.054
15:26:20.323753	858	0.298	-0.037	1.056
15:26:20.326317	859	0.292	-0.045	1.059
15:26:20.328881	860	0.292	-0.045	1.054
15:26:20.331445	861	0.296	-0.04	1.052
15:26:20.334009	862	0.296	-0.034	1.055
15:26:20.336573	863	0.288	-0.04	1.051
15:26:20.339137	864	0.29	-0.042	1.055
15:26:20.341701	865	0.292	-0.036	1.055
15:26:20.344265	866	0.296	-0.04	1.056
15:26:20.346829	867	0.292	-0.04	1.054
15:26:20.349393	868	0.288	-0.039	1.048
15:26:20.351957	869	0.29	-0.04	1.054
15:26:20.354521	870	0.292	-0.04	1.049
15:26:20.357085	871	0.29	-0.04	1.051
15:26:20.359649	872	0.295	-0.039	1.055
15:26:20.362213	873	0.292	-0.04	1.056
15:26:20.364777	874	0.288	-0.04	1.052
15:26:20.367341	875	0.295	-0.04	1.052
15:26:20.369905	876	0.295	-0.041	1.057
15:26:20.372469	877	0.292	-0.04	1.052
15:26:20.375033	878	0.295	-0.04	1.054
15:26:20.377597	879	0.293	-0.039	1.055
15:26:20.380161	880	0.292	-0.045	1.055
15:26:20.382725	881	0.296	-0.04	1.054
15:26:20.385289	882	0.296	-0.04	1.054
15:26:20.387853	883	0.296	-0.04	1.059
15:26:20.390417	884	0.292	-0.041	1.052
15:26:20.392981	885	0.296	-0.04	1.055
15:26:20.395545	886	0.29	-0.04	1.055
15:26:20.398109	887	0.292	-0.042	1.059
15:26:20.400673	888	0.292	-0.044	1.055
15:26:20.403237	889	0.3	-0.037	1.055
15:26:20.405801	890	0.295	-0.041	1.056
15:26:20.408365	891	0.288	-0.042	1.048
15:26:20.410929	892	0.292	-0.04	1.052
15:26:20.413493	893	0.295	-0.036	1.054
15:26:20.416057	894	0.294	-0.039	1.055
15:26:20.418621	895	0.292	-0.04	1.054
15:26:20.421185	896	0.297	-0.04	1.052
15:26:20.423749	897	0.301	-0.04	1.055
15:26:20.426313	898	0.296	-0.04	1.055
15:26:20.428877	899	0.292	-0.04	1.055
15:26:20.431441	900	0.297	-0.036	1.057
15:26:20.434005	901	0.293	-0.04	1.056
15:26:20.436569	902	0.292	-0.037	1.054
15:26:20.439133	903	0.296	-0.037	1.055
15:26:20.441697	904	0.297	-0.036	1.063
15:26:20.444261	905	0.292	-0.041	1.052
15:26:20.446825	906	0.293	-0.04	1.048
15:26:20.449389	907	0.296	-0.04	1.049
15:26:20.451953	908	0.296	-0.044	1.056
15:26:20.454517	909	0.295	-0.037	1.054
15:26:20.457081	910	0.296	-0.036	1.049
15:26:20.459645	911	0.293	-0.036	1.055
15:26:20.462209	912	0.29	-0.04	1.052
15:26:20.464773	913	0.296	-0.039	1.054
15:26:20.467337	914	0.296	-0.039	1.054
15:26:20.469901	915	0.293	-0.042	1.056
15:26:20.472465	916	0.292	-0.039	1.054
15:26:20.475029	917	0.295	-0.033	1.052
15:26:20.477593	918	0.292	-0.032	1.055
15:26:20.480157	919	0.29	-0.041	1.054
15:26:20.482721	920	0.296	-0.04	1.055
15:26:20.485285	921	0.293	-0.04	1.056
15:26:20.487849	922	0.292	-0.036	1.052
15:26:20.490413	923	0.295	-0.04	1.055
15:26:20.492977	924	0.293	-0.04	1.059
15:26:20.495541	925	0.288	-0.04	1.048
15:26:20.498105	926	0.288	-0.033	1.055
15:26:20.500669	927	0.296	-0.04	1.059
15:26:20.503233	928	0.292	-0.041	1.056
15:26:20.505797	929	0.292	-0.04	1.052
15:26:20.508361	930	0.295	-0.036	1.056
15:26:20.510925	931	0.296	-0.041	1.055
15:26:20.513489	932	0.296	-0.04	1.059
15:26:20.516053	933	0.29	-0.036	1.052
15:26:20.518617	934	0.295	-0.04	1.054
15:26:20.521181	935	0.292	-0.041	1.052
15:26:20.523745	936	0.297	-0.036	1.059
15:26:20.526309	937	0.29	-0.045	1.051
15:26:20.528873	938	0.296	-0.04	1.052
15:26:20.531437	939	0.296	-0.04	1.055
15:26:20.534001	940	0.293	-0.04	1.052
15:26:20.536565	941	0.292	-0.039	1.048
15:26:20.539129	942	0.295	-0.036	1.054
15:26:20.541693	943	0.296	-0.04	1.055
15:26:20.544257	944	0.288	-0.041	1.052
15:26:20.546821	945	0.292	-0.041	1.048
15:26:20.549385	946	0.296	-0.039	1.054
15:26:20.551949	947	0.296	-0.045	1.055
15:26:20.554513	948	0.289	-0.039	1.052
15:26:20.557077	949	0.293	-0.036	1.052
15:26:20.559641	950	0.292	-0.039	1.059
15:26:20.562205	951	0.292	-0.041	1.063
15:26:20.564769	952	0.29	-0.04	1.052
15:26:20.567333	953	0.298	-0.036	1.054
15:26:20.569897	954	0.296	-0.036	1.052
15:26:20.572461	955	0.293	-0.041	1.056
15:26:20.575025	956	0.292	-0.037	1.052
15:26:20.577589	957	0.296	-0.033	1.054
15:26:20.580153	958	0.292	-0.039	1.052
15:26:20.582717	959	0.292	-0.04	1.055
15:26:20.585281	960	0.296	-0.04	1.052
15:26:20.587845	961	0.292	-0.04	1.054
15:26:20.590409	962	0.293	-0.039	1.054
15:26:20.592973	963	0.292	-0.044	1.052
15:26:20.595537	964	0.292	-0.039	1.046
15:26:20.598101	965	0.296	-0.036	1.052
15:26:20.600665	966	0.296	-0.04	1.056
15:26:20.603229	967	0.295	-0.042	1.055
15:26:20.605793	968	0.292	-0.04	1.051
15:26:20.608357	969	0.29	-0.039	1.055
15:26:20.610921	970	0.29	-0.045	1.052
15:26:20.613485	971	0.292	-0.041	1.055
15:26:20.616049	972	0.292	-0.036	1.055
15:26:20.618613	973	0.295	-0.042	1.056
15:26:20.621177	974	0.297	-0.042	1.055
15:26:20.623741	975	0.296	-0.04	1.056
15:26:20.626305	976	0.289	-0.04	1.055
15:26:20.628869	977	0.296	-0.042	1.052
15:26:20.631433	978	0.296	-0.041	1.056
15:26:20.633997	979	0.288	-0.044	1.056
15:26:20.636561	980	0.288	-0.039	1.052
15:26:20.639125	981	0.296	-0.036	1.057
15:26:20.641689	982	0.295	-0.04	1.056
15:26:20.644253	983	0.288	-0.041	1.052
15:26:20.646817	984	0.296	-0.036	1.054
15:26:20.649381	985	0.301	-0.036	1.057
15:26:20.651945	986	0.289	-0.045	1.062
15:26:20.654509	987	0.289	-0.04	1.054
15:26:20.657073	988	0.292	-0.034	1.055
15:26:20.659637	989	0.296	-0.039	1.057
15:26:20.662201	990	0.29	-0.04	1.054
15:26:20.664765	991	0.296	-0.039	1.049
15:26:20.667329	992	0.296	-0.04	1.052
15:26:20.669893	993	0.292	-0.042	1.051
15:26:20.672457	994	0.292	-0.045	1.052
15:26:20.675021	995	0.296	-0.04	1.057
15:26:20.677585	996	0.288	-0.04	1.049
15:26:20.680149	997	0.296	-0.04	1.055
15:26:20.682713	998	0.29	-0.039	1.055
15:26:20.685277	999	0.288	-0.04	1.055
15:26:20.687841	1000	0.29	-0.036	1.052
15:26:20.690405	1001	0.297	-0.036	1.059
15:26:20.692969	1002	0.289	-0.045	1.056
15:26:20.695533	1003	0.288	-0.039	1.052
15:26:20.698097	1004	0.296	-0.036	1.055
15:26:20.700661	1005	0.293	-0.037	1.055
15:26:20.703225	1006	0.29	-0.045	1.052
15:26:20.705789	1007	0.289	-0.042	1.049
15:26:20.708353	1008	0.295	-0.041	1.052
15:26:20.710917	1009	0.295	-0.034	1.052
15:26:20.713481	1010	0.295	-0.04	1.054
15:26:20.716045	1011	0.292	-0.039	1.054
15:26:20.718609	1012	0.296	-0.039	1.055
15:26:20.721173	1013	0.297	-0.04	1.062
15:26:20.723737	1014	0.29	-0.044	1.052
15:26:20.726301	1015	0.288	-0.036	1.054
15:26:20.728865	1016	0.292	-0.04	1.055
15:26:20.731429	1017	0.301	-0.039	1.057
15:26:20.733993	1018	0.29	-0.045	1.055
15:26:20.736557	1019	0.289	-0.04	1.054
15:26:20.739121	1020	0.3	-0.04	1.051
15:26:20.741685	1021	0.296	-0.039	1.059
15:26:20.744249	1022	0.285	-0.047	1.049
15:26:20.746813	1023	0.294	-0.04	1.055
15:26:20.749377	1024	0.295	-0.039	1.055
