timestamp	readout	x	y	z
08:26:19.846472	1	0.29	-0.034	1.063
08:26:19.849036	2	0.288	-0.032	1.062
08:26:19.851600	3	0.29	-0.039	1.055
08:26:19.854164	4	0.29	-0.04	1.054
08:26:19.856728	5	0.295	-0.04	1.059
08:26:19.859292	6	0.288	-0.04	1.057
08:26:19.861856	7	0.29	-0.039	1.052
08:26:19.864420	8	0.292	-0.044	1.052
08:26:19.866984	9	0.296	-0.041	1.057
08:26:19.869548	10	0.289	-0.041	1.054
08:26:19.872112	11	0.293	-0.04	1.052
08:26:19.874676	12	0.297	-0.04	1.055
08:26:19.877240	13	0.296	-0.04	1.059
08:26:19.879804	14	0.292	-0.045	1.049
08:26:19.882368	15	0.292	-0.039	1.054
08:26:19.884932	16	0.292	-0.044	1.052
08:26:19.887496	17	0.296	-0.04	1.059
08:26:19.890060	18	0.29	-0.04	1.052
08:26:19.892624	19	0.298	-0.034	1.052
08:26:19.895188	20	0.292	-0.044	1.055
08:26:19.897752	21	0.292	-0.04	1.052
08:26:19.900316	22	0.292	-0.039	1.052
08:26:19.902880	23	0.292	-0.034	1.055
08:26:19.905444	24	0.296	-0.04	1.056
08:26:19.908008	25	0.296	-0.037	1.057
08:26:19.910572	26	0.292	-0.04	1.052
08:26:19.913136	27	0.292	-0.033	1.056
08:26:19.915700	28	0.295	-0.04	1.056
08:26:19.918264	29	0.292	-0.04	1.06
08:26:19.920828	30	0.289	-0.036	1.052
08:26:19.923392	31	0.296	-0.04	1.054
08:26:19.925956	32	0.296	-0.04	1.055
08:26:19.928520	33	0.292	-0.04	1.052
08:26:19.931084	34	0.289	-0.037	1.055
08:26:19.933648	35	0.298	-0.036	1.059
08:26:19.936212	36	0.296	-0.042	1.055
08:26:19.938776	37	0.289	-0.04	1.054
08:26:19.941340	38	0.292	-0.036	1.052
08:26:19.943904	39	0.296	-0.037	1.055
08:26:19.946468	40	0.295	-0.04	1.055
08:26:19.949032	41	0.292	-0.037	1.059
08:26:19.951596	42	0.296	-0.036	1.052
08:26:19.954160	43	0.296	-0.04	1.054
08:26:19.956724	44	0.292	-0.04	1.051
08:26:19.959288	45	0.292	-0.036	1.055
08:26:19.961852	46	0.293	-0.036	1.055
08:26:19.964416	47	0.296	-0.036	1.056
08:26:19.966980	48	0.292	-0.045	1.055
08:26:19.969544	49	0.289	-0.04	1.055
08:26:19.972108	50	0.297	-0.036	1.055
08:26:19.974672	51	0.296	-0.04	1.059
08:26:19.977236	52	0.296	-0.045	1.054
08:26:19.979800	53	0.292	-0.041	1.054
08:26:19.982364	54	0.292	-0.036	1.052
08:26:19.984928	55	0.292	-0.041	1.055
08:26:19.987492	56	0.296	-0.042	1.052
08:26:19.990056	57	0.296	-0.04	1.051
08:26:19.992620	58	0.296	-0.039	1.057
08:26:19.995184	59	0.293	-0.041	1.054
08:26:19.997748	60	0.296	-0.041	1.052
08:26:20.000312	61	0.296	-0.037	1.054
08:26:20.002876	62	0.295	-0.04	1.055
08:26:20.005440	63	0.296	-0.04	1.052
08:26:20.008004	64	0.296	-0.04	1.052
08:26:20.010568	65	0.296	-0.036	1.055
08:26:20.013132	66	0.292	-0.037	1.048
08:26:20.015696	67	0.293	-0.04	1.048
08:26:20.018260	68	0.296	-0.04	1.055
08:26:20.020824	69	0.295	-0.04	1.052
08:26:20.023388	70	0.296	-0.04	1.051
08:26:20.025952	71	0.296	-0.039	1.048
08:26:20.028516	72	0.292	-0.04	1.055
08:26:20.031080	73	0.29	-0.04	1.054
08:26:20.033644	74	0.296	-0.04	1.052
08:26:20.036208	75	0.3	-0.039	1.055
08:26:20.038772	76	0.296	-0.04	1.054
08:26:20.041336	77	0.29	-0.04	1.048
08:26:20.043900	78	0.298	-0.036	1.052
08:26:20.046464	79	0.296	-0.036	1.059
08:26:20.049028	80	0.288	-0.041	1.054
08:26:20.051592	81	0.292	-0.04	1.052
08:26:20.054156	82	0.296	-0.036	1.062
08:26:20.056720	83	0.293	-0.045	1.059
08:26:20.059284	84	0.288	-0.042	1.055
08:26:20.061848	85	0.295	-0.036	1.049
08:26:20.064412	86	0.295	-0.04	1.056
08:26:20.066976	87	0.292	-0.045	1.055
08:26:20.069540	88	0.292	-0.042	1.055
08:26:20.072104	89	0.293	-0.036	1.052
08:26:20.074668	90	0.296	-0.04	1.054
08:26:20.077232	91	0.292	-0.04	1.052
08:26:20.079796	92	0.296	-0.04	1.052
08:26:20.082360	93	0.296	-0.036	1.051
08:26:20.084924	94	0.292	-0.041	1.054
08:26:20.087488	95	0.292	-0.041	1.052
08:26:20.090052	96	0.29	-0.037	1.054
08:26:20.092616	97	0.295	-0.041	1.052
08:26:20.095180	98	0.295	-0.036	1.055
08:26:20.097744	99	0.292	-0.039	1.049
08:26:20.100308	100	0.292	-0.04	1.056
08:26:20.102872	101	0.295	-0.04	1.052
08:26:20.105436	102	0.296	-0.036	1.052
08:26:20.108000	103	0.29	-0.04	1.052
08:26:20.110564	104	0.29	-0.04	1.055
08:26:20.113128	105	0.292	-0.04	1.048
08:26:20.115692	106	0.3	-0.036	1.054
08:26:20.118256	107	0.292	-0.04	1.056
08:26:20.120820	108	0.292	-0.045	1.054
08:26:20.123384	109	0.292	-0.04	1.048
08:26:20.125948	110	0.296	-0.036	1.059
08:26:20.128512	111	0.296	-0.041	1.055
08:26:20.131076	112	0.292	-0.04	1.049
08:26:20.133640	113	0.296	-0.036	1.054
08:26:20.136204	114	0.298	-0.036	1.06
08:26:20.138768	115	0.288	-0.041	1.052
08:26:20.141332	116	0.288	-0.033	1.054
08:26:20.143896	117	0.295	-0.039	1.056
08:26:20.146460	118	0.298	-0.04	1.063
08:26:20.149024	119	0.289	-0.044	1.052
08:26:20.151588	120	0.295	-0.036	1.055
08:26:20.154152	121	0.298	-0.037	1.055
08:26:20.156716	122	0.293	-0.04	1.055
08:26:20.159280	123	0.288	-0.04	1.059
08:26:20.161844	124	0.295	-0.04	1.055
08:26:20.164408	125	0.296	-0.04	1.057
08:26:20.166972	126	0.292	-0.04	1.055
08:26:20.169536	127	0.296	-0.04	1.056
08:26:20.172100	128	0.296	-0.036	1.055
08:26:20.174664	129	0.292	-0.042	1.049
08:26:20.177228	130	0.292	-0.041	1.052
08:26:20.179792	131	0.29	-0.04	1.055
08:26:20.182356	132	0.288	-0.04	1.052
08:26:20.184920	133	0.296	-0.04	1.047
08:26:20.187484	134	0.3	-0.036	1.051
08:26:20.190048	135	0.296	-0.04	1.056
08:26:20.192612	136	0.292	-0.039	1.052
08:26:20.195176	137	0.296	-0.04	1.052
08:26:20.197740	138	0.301	-0.034	1.055
08:26:20.200304	139	0.29	-0.04	1.056
08:26:20.202868	140	0.29	-0.04	1.052
08:26:20.205432	141	0.301	-0.039	1.059
08:26:20.207996	142	0.296	-0.037	1.056
08:26:20.210560	143	0.287	-0.04	1.056
08:26:20.213124	144	0.292	-0.037	1.051
08:26:20.215688	145	0.297	-0.04	1.059
08:26:20.218252	146	0.296	-0.04	1.055
08:26:20.220816	147	0.288	-0.039	1.054
08:26:20.223380	148	0.297	-0.036	1.054
08:26:20.225944	149	0.301	-0.04	1.054
08:26:20.228508	150	0.296	-0.039	1.055
08:26:20.231072	151	0.288	-0.045	1.048
08:26:20.233636	152	0.296	-0.039	1.054
08:26:20.236200	153	0.296	-0.04	1.057
08:26:20.238764	154	0.289	-0.04	1.052
08:26:20.241328	155	0.29	-0.037	1.048
08:26:20.243892	156	0.296	-0.036	1.054
08:26:20.246456	157	0.293	-0.04	1.052
08:26:20.249020	158	0.292	-0.04	1.049
08:26:20.251584	159	0.296	-0.034	1.055
08:26:20.254148	160	0.296	-0.04	1.056
08:26:20.256712	161	0.296	-0.036	1.052
08:26:20.259276	162	0.293	-0.036	1.048
08:26:20.261840	163	0.292	-0.04	1.052
08:26:20.264404	164	0.293	-0.04	1.052
08:26:20.266968	165	0.296	-0.039	1.059
08:26:20.269532	166	0.292	-0.04	1.059
08:26:20.272096	167	0.293	-0.045	1.055
08:26:20.274660	168	0.296	-0.039	1.052
08:26:20.277224	169	0.3	-0.036	1.055
08:26:20.279788	170	0.289	-0.04	1.055
08:26:20.282352	171	0.289	-0.041	1.054
08:26:20.284916	172	0.296	-0.04	1.054
08:26:20.287480	173	0.296	-0.037	1.059
08:26:20.290044	174	0.288	-0.047	1.055
08:26:20.292608	175	0.292	-0.047	1.052
08:26:20.295172	176	0.296	-0.04	1.054
08:26:20.297736	177	0.292	-0.036	1.057
08:26:20.300300	178	0.29	-0.044	1.052
08:26:20.302864	179	0.296	-0.04	1.052
08:26:20.305428	180	0.296	-0.036	1.055
08:26:20.307992	181	0.293	-0.042	1.056
08:26:20.310556	182	0.29	-0.041	1.049
08:26:20.313120	183	0.296	-0.036	1.052
08:26:20.315684	184	0.296	-0.039	1.056
08:26:20.318248	185	0.292	-0.04	1.055
08:26:20.320812	186	0.296	-0.04	1.049
08:26:20.323376	187	0.296	-0.04	1.052
08:26:20.325940	188	0.296	-0.04	1.055
08:26:20.328504	189	0.295	-0.04	1.057
08:26:20.331068	190	0.296	-0.04	1.049
08:26:20.333632	191	0.298	-0.037	1.055
08:26:20.336196	192	0.292	-0.04	1.048
08:26:20.338760	193	0.296	-0.036	1.059
08:26:20.341324	194	0.292	-0.04	1.048
08:26:20.343888	195	0.296	-0.036	1.052
08:26:20.346452	196	0.298	-0.04	1.054
08:26:20.349016	197	0.296	-0.04	1.052
08:26:20.351580	198	0.288	-0.04	1.052
08:26:20.354144	199	0.298	-0.036	1.056
08:26:20.356708	200	0.296	-0.04	1.055
08:26:20.359272	201	0.289	-0.04	1.054
08:26:20.361836	202	0.293	-0.037	1.051
08:26:20.364400	203	0.296	-0.036	1.055
08:26:20.366964	204	0.293	-0.04	1.054
08:26:20.369528	205	0.292	-0.04	1.055
08:26:20.372092	206	0.295	-0.039	1.057
08:26:20.374656	207	0.297	-0.04	1.056
08:26:20.377220	208	0.29	-0.036	1.049
08:26:20.379784	209	0.295	-0.034	1.052
08:26:20.382348	210	0.289	-0.04	1.055
08:26:20.384912	211	0.292	-0.041	1.052
08:26:20.387476	212	0.296	-0.04	1.052
08:26:20.390040	213	0.292	-0.036	1.056
08:26:20.392604	214	0.292	-0.044	1.054
08:26:20.395168	215	0.29	-0.04	1.052
08:26:20.397732	216	0.296	-0.034	1.052
08:26:20.400296	217	0.296	-0.036	1.054
08:26:20.402860	218	0.292	-0.045	1.051
08:26:20.405424	219	0.296	-0.04	1.052
08:26:20.407988	220	0.296	-0.039	1.055
08:26:20.410552	221	0.296	-0.041	1.055
08:26:20.413116	222	0.292	-0.041	1.048
08:26:20.415680	223	0.296	-0.036	1.055
08:26:20.418244	224	0.296	-0.039	1.057
08:26:20.420808	225	0.29	-0.04	1.055
08:26:20.423372	226	0.288	-0.047	1.052
08:26:20.425936	227	0.296	-0.039	1.057
08:26:20.428500	228	0.288	-0.041	1.054
08:26:20.431064	229	0.29	-0.042	1.049
08:26:20.433628	230	0.296	-0.042	1.048
08:26:20.436192	231	0.295	-0.04	1.059
08:26:20.438756	232	0.295	-0.039	1.054
08:26:20.441320	233	0.288	-0.039	1.052
08:26:20.443884	234	0.292	-0.04	1.048
08:26:20.446448	235	0.296	-0.036	1.055
08:26:20.449012	236	0.296	-0.033	1.054
08:26:20.451576	237	0.292	-0.041	1.052
08:26:20.454140	238	0.295	-0.039	1.054
08:26:20.456704	239	0.295	-0.033	1.054
08:26:20.459268	240	0.29	-0.04	1.054
08:26:20.461832	241	0.289	-0.04	1.052
08:26:20.464396	242	0.298	-0.04	1.056
08:26:20.466960	243	0.296	-0.037	1.052
08:26:20.469524	244	0.292	-0.04	1.051
08:26:20.472088	245	0.293	-0.039	1.052
08:26:20.474652	246	0.296	-0.042	1.059
08:26:20.477216	247	0.292	-0.039	1.048
08:26:20.479780	248	0.296	-0.034	1.052
08:26:20.482344	249	0.295	-0.037	1.052
08:26:20.484908	250	0.296	-0.04	1.051
08:26:20.487472	251	0.292	-0.04	1.049
08:26:20.490036	252	0.296	-0.036	1.055
08:26:20.492600	253	0.295	-0.04	1.057
08:26:20.495164	254	0.29	-0.045	1.051
08:26:20.497728	255	0.295	-0.039	1.048
08:26:20.500292	256	0.293	-0.036	1.056
08:26:20.502856	257	0.295	-0.04	1.049
08:26:20.505420	258	0.296	-0.04	1.055
08:26:20.507984	259	0.293	-0.037	1.052
08:26:20.510548	260	0.295	-0.04	1.057
08:26:20.513112	261	0.292	-0.041	1.049
08:26:20.515676	262	0.296	-0.039	1.056
08:26:20.518240	263	0.292	-0.039	1.055
08:26:20.520804	264	0.292	-0.04	1.054
08:26:20.523368	265	0.292	-0.042	1.054
08:26:20.525932	266	0.293	-0.04	1.059
08:26:20.528496	267	0.292	-0.041	1.055
08:26:20.531060	268	0.292	-0.041	1.054
08:26:20.533624	269	0.296	-0.04	1.052
08:26:20.536188	270	0.296	-0.039	1.06
08:26:20.538752	271	0.29	-0.04	1.049
08:26:20.541316	272	0.292	-0.037	1.055
08:26:20.543880	273	0.29	-0.044	1.055
08:26:20.546444	274	0.296	-0.044	1.059
08:26:20.549008	275	0.292	-0.04	1.048
08:26:20.551572	276	0.296	-0.036	1.049
08:26:20.554136	277	0.29	-0.042	1.056
08:26:20.556700	278	0.292	-0.041	1.054
08:26:20.559264	279	0.29	-0.04	1.049
08:26:20.561828	280	0.296	-0.036	1.054
08:26:20.564392	281	0.296	-0.044	1.055
08:26:20.566956	282	0.295	-0.04	1.055
08:26:20.569520	283	0.288	-0.036	1.054
08:26:20.572084	284	0.293	-0.036	1.057
08:26:20.574648	285	0.295	-0.04	1.062
08:26:20.577212	286	0.292	-0.036	1.054
08:26:20.579776	287	0.289	-0.036	1.055
08:26:20.582340	288	0.295	-0.033	1.057
08:26:20.584904	289	0.292	-0.045	1.055
08:26:20.587468	290	0.288	-0.039	1.056
08:26:20.590032	291	0.295	-0.036	1.056
08:26:20.592596	292	0.295	-0.037	1.055
08:26:20.595160	293	0.29	-0.04	1.052
08:26:20.597724	294	0.292	-0.04	1.055
08:26:20.600288	295	0.29	-0.034	1.059
08:26:20.602852	296	0.29	-0.04	1.054
08:26:20.605416	297	0.288	-0.04	1.059
08:26:20.607980	298	0.296	-0.039	1.056
08:26:20.610544	299	0.292	-0.039	1.055
08:26:20.613108	300	0.289	-0.036	1.052
08:26:20.615672	301	0.295	-0.039	1.055
08:26:20.618236	302	0.292	-0.039	1.062
08:26:20.620800	303	0.29	-0.04	1.052
08:26:20.623364	304	0.292	-0.034	1.056
08:26:20.625928	305	0.296	-0.04	1.055
08:26:20.628492	306	0.292	-0.042	1.055
08:26:20.631056	307	0.292	-0.039	1.052
08:26:20.633620	308	0.301	-0.039	1.059
08:26:20.636184	309	0.292	-0.042	1.056
08:26:20.638748	310	0.29	-0.04	1.049
08:26:20.641312	311	0.29	-0.034	1.049
08:26:20.643876	312	0.3	-0.036	1.055
08:26:20.646440	313	0.293	-0.041	1.052
08:26:20.649004	314	0.29	-0.039	1.052
08:26:20.651568	315	0.296	-0.039	1.055
08:26:20.654132	316	0.296	-0.042	1.057
08:26:20.656696	317	0.29	-0.044	1.055
08:26:20.659260	318	0.288	-0.036	1.055
08:26:20.661824	319	0.296	-0.039	1.052
08:26:20.664388	320	0.296	-0.045	1.054
08:26:20.666952	321	0.292	-0.04	1.055
08:26:20.669516	322	0.293	-0.039	1.052
08:26:20.672080	323	0.292	-0.037	1.055
08:26:20.674644	324	0.296	-0.04	1.055
08:26:20.677208	325	0.292	-0.045	1.055
08:26:20.679772	326	0.296	-0.037	1.055
08:26:20.682336	327	0.296	-0.034	1.059
08:26:20.684900	328	0.29	-0.045	1.054
08:26:20.687464	329	0.293	-0.044	1.054
08:26:20.690028	330	0.296	-0.036	1.048
08:26:20.692592	331	0.298	-0.04	1.055
08:26:20.695156	332	0.295	-0.041	1.052
08:26:20.697720	333	0.296	-0.039	1.055
08:26:20.700284	334	0.295	-0.033	1.052
08:26:20.702848	335	0.292	-0.039	1.051
08:26:20.705412	336	0.301	-0.041	1.055
08:26:20.707976	337	0.292	-0.041	1.054
08:26:20.710540	338	0.292	-0.04	1.051
08:26:20.713104	339	0.296	-0.036	1.059
08:26:20.715668	340	0.292	-0.044	1.055
08:26:20.718232	341	0.292	-0.04	1.056
08:26:20.720796	342	0.295	-0.04	1.054
08:26:20.723360	343	0.296	-0.04	1.055
08:26:20.725924	344	0.296	-0.039	1.056
08:26:20.728488	345	0.288	-0.04	1.054
08:26:20.731052	346	0.288	-0.042	1.043
08:26:20.733616	347	0.296	-0.033	1.054
08:26:20.736180	348	0.293	-0.04	1.055
08:26:20.738744	349	0.289	-0.045	1.055
08:26:20.741308	350	0.289	-0.039	1.048
08:26:20.743872	351	0.296	-0.036	1.057
08:26:20.746436	352	0.292	-0.04	1.055
08:26:20.749000	353	0.29	-0.041	1.054
08:26:20.751564	354	0.296	-0.034	1.047
08:26:20.754128	355	0.297	-0.033	1.059
08:26:20.756692	356	0.29	-0.042	1.056
08:26:20.759256	357	0.295	-0.04	1.054
08:26:20.761820	358	0.292	-0.033	1.046
08:26:20.764384	359	0.292	-0.036	1.056
08:26:20.766948	360	0.295	-0.047	1.052
08:26:20.769512	361	0.292	-0.041	1.052
08:26:20.772076	362	0.293	-0.036	1.051
08:26:20.774640	363	0.296	-0.039	1.059
08:26:20.777204	364	0.292	-0.042	1.052
08:26:20.779768	365	0.292	-0.036	1.055
08:26:20.782332	366	0.288	-0.04	1.054
08:26:20.784896	367	0.298	-0.04	1.059
08:26:20.787460	368	0.292	-0.042	1.052
08:26:20.790024	369	0.292	-0.04	1.056
08:26:20.792588	370	0.292	-0.04	1.055
08:26:20.795152	371	0.295	-0.04	1.055
08:26:20.797716	372	0.289	-0.04	1.055
08:26:20.800280	373	0.29	-0.039	1.055
08:26:20.802844	374	0.292	-0.04	1.052
08:26:20.805408	375	0.292	-0.037	1.059
08:26:20.807972	376	0.29	-0.04	1.055
08:26:20.810536	377	0.292	-0.041	1.056
08:26:20.813100	378	0.296	-0.036	1.049
08:26:20.815664	379	0.298	-0.036	1.063
08:26:20.818228	380	0.288	-0.04	1.059
08:26:20.820792	381	0.288	-0.042	1.055
08:26:20.823356	382	0.296	-0.036	1.055
08:26:20.825920	383	0.298	-0.037	1.059
08:26:20.828484	384	0.288	-0.042	1.056
08:26:20.831048	385	0.292	-0.036	1.048
08:26:20.833612	386	0.298	-0.033	1.059
08:26:20.836176	387	0.29	-0.036	1.059
08:26:20.838740	388	0.292	-0.041	1.055
08:26:20.841304	389	0.292	-0.039	1.052
08:26:20.843868	390	0.296	-0.033	1.059
08:26:20.846432	391	0.292	-0.036	1.057
08:26:20.848996	392	0.292	-0.042	1.052
08:26:20.851560	393	0.292	-0.036	1.054
08:26:20.854124	394	0.296	-0.034	1.055
08:26:20.856688	395	0.292	-0.04	1.049
08:26:20.859252	396	0.289	-0.04	1.052
08:26:20.861816	397	0.292	-0.04	1.052
08:26:20.864380	398	0.295	-0.039	1.057
08:26:20.866944	399	0.296	-0.04	1.052
08:26:20.869508	400	0.289	-0.04	1.055
08:26:20.872072	401	0.296	-0.039	1.052
08:26:20.874636	402	0.296	-0.039	1.055
08:26:20.877200	403	0.29	-0.039	1.054
08:26:20.879764	404	0.292	-0.04	1.056
08:26:20.882328	405	0.292	-0.033	1.055
08:26:20.884892	406	0.296	-0.041	1.055
08:26:20.887456	407	0.292	-0.04	1.055
08:26:20.890020	408	0.29	-0.04	1.055
08:26:20.892584	409	0.29	-0.041	1.056
08:26:20.895148	410	0.295	-0.037	1.052
08:26:20.897712	411	0.296	-0.04	1.056
08:26:20.900276	412	0.292	-0.036	1.059
08:26:20.902840	413	0.296	-0.036	1.052
08:26:20.905404	414	0.301	-0.036	1.055
08:26:20.907968	415	0.292	-0.04	1.054
08:26:20.910532	416	0.289	-0.041	1.055
08:26:20.913096	417	0.292	-0.04	1.052
08:26:20.915660	418	0.298	-0.036	1.062
08:26:20.918224	419	0.289	-0.039	1.057
08:26:20.920788	420	0.292	-0.041	1.055
08:26:20.923352	421	0.298	-0.036	1.059
08:26:20.925916	422	0.296	-0.036	1.056
08:26:20.928480	423	0.288	-0.041	1.052
08:26:20.931044	424	0.295	-0.039	1.055
08:26:20.933608	425	0.298	-0.036	1.055
08:26:20.936172	426	0.298	-0.04	1.055
08:26:20.938736	427	0.288	-0.041	1.048
08:26:20.941300	428	0.295	-0.037	1.055
08:26:20.943864	429	0.296	-0.036	1.054
08:26:20.946428	430	0.293	-0.04	1.055
08:26:20.948992	431	0.292	-0.039	1.054
08:26:20.951556	432	0.296	-0.039	1.057
08:26:20.954120	433	0.295	-0.042	1.054
08:26:20.956684	434	0.293	-0.039	1.052
08:26:20.959248	435	0.292	-0.04	1.054
08:26:20.961812	436	0.295	-0.039	1.057
08:26:20.964376	437	0.293	-0.04	1.055
08:26:20.966940	438	0.295	-0.039	1.055
08:26:20.969504	439	0.296	-0.039	1.052
08:26:20.972068	440	0.293	-0.04	1.054
08:26:20.974632	441	0.296	-0.04	1.049
08:26:20.977196	442	0.298	-0.033	1.055
08:26:20.979760	443	0.29	-0.039	1.054
08:26:20.982324	444	0.29	-0.042	1.056
08:26:20.984888	445	0.296	-0.039	1.056
08:26:20.987452	446	0.296	-0.04	1.054
08:26:20.990016	447	0.288	-0.042	1.055
08:26:20.992580	448	0.29	-0.044	1.052
08:26:20.995144	449	0.296	-0.037	1.056
08:26:20.997708	450	0.297	-0.039	1.059
08:26:21.000272	451	0.289	-0.045	1.051
08:26:21.002836	452	0.292	-0.041	1.052
08:26:21.005400	453	0.296	-0.039	1.055
08:26:21.007964	454	0.292	-0.042	1.059
08:26:21.010528	455	0.292	-0.04	1.054
08:26:21.013092	456	0.298	-0.039	1.055
08:26:21.015656	457	0.298	-0.036	1.059
08:26:21.018220	458	0.292	-0.042	1.054
08:26:21.020784	459	0.293	-0.04	1.048
08:26:21.023348	460	0.297	-0.034	1.057
08:26:21.025912	461	0.292	-0.04	1.049
08:26:21.028476	462	0.29	-0.04	1.052
08:26:21.031040	463	0.296	-0.039	1.055
08:26:21.033604	464	0.301	-0.04	1.059
08:26:21.036168	465	0.292	-0.04	1.048
08:26:21.038732	466	0.292	-0.036	1.049
08:26:21.041296	467	0.293	-0.04	1.054
08:26:21.043860	468	0.292	-0.04	1.054
08:26:21.046424	469	0.295	-0.04	1.052
08:26:21.048988	470	0.298	-0.039	1.056
08:26:21.051552	471	0.293	-0.045	1.054
08:26:21.054116	472	0.296	-0.04	1.052
08:26:21.056680	473	0.296	-0.039	1.048
08:26:21.059244	474	0.295	-0.036	1.056
08:26:21.061808	475	0.292	-0.042	1.054
08:26:21.064372	476	0.292	-0.04	1.052
08:26:21.066936	477	0.292	-0.036	1.055
08:26:21.069500	478	0.293	-0.041	1.056
08:26:21.072064	479	0.292	-0.041	1.052
08:26:21.074628	480	0.296	-0.037	1.055
08:26:21.077192	481	0.292	-0.041	1.055
08:26:21.079756	482	0.292	-0.037	1.051
08:26:21.082320	483	0.296	-0.036	1.055
08:26:21.084884	484	0.289	-0.041	1.048
08:26:21.087448	485	0.29	-0.044	1.048
08:26:21.090012	486	0.295	-0.036	1.054
08:26:21.092576	487	0.29	-0.04	1.054
08:26:21.095140	488	0.292	-0.039	1.054
08:26:21.097704	489	0.292	-0.039	1.052
08:26:21.100268	490	0.292	-0.04	1.055
08:26:21.102832	491	0.288	-0.042	1.055
08:26:21.105396	492	0.296	-0.039	1.054
08:26:21.107960	493	0.298	-0.039	1.055
08:26:21.110524	494	0.292	-0.037	1.059
08:26:21.113088	495	0.289	-0.045	1.052
08:26:21.115652	496	0.3	-0.039	1.055
08:26:21.118216	497	0.292	-0.04	1.059
08:26:21.120780	498	0.288	-0.045	1.055
08:26:21.123344	499	0.293	-0.04	1.054
08:26:21.125908	500	0.296	-0.039	1.057
08:26:21.128472	501	0.288	-0.04	1.056
08:26:21.131036	502	0.288	-0.044	1.052
08:26:21.133600	503	0.301	-0.041	1.056
08:26:21.136164	504	0.296	-0.037	1.054
08:26:21.138728	505	0.288	-0.04	1.054
08:26:21.141292	506	0.295	-0.042	1.049
08:26:21.143856	507	0.296	-0.037	1.056
08:26:21.146420	508	0.288	-0.041	1.056
08:26:21.148984	509	0.293	-0.04	1.055
08:26:21.151548	510	0.301	-0.037	1.052
08:26:21.154112	511	0.296	-0.037	1.059
08:26:21.156676	512	0.288	-0.039	1.049
08:26:21.159240	513	0.296	-0.04	1.048
08:26:21.161804	514	0.297	-0.04	1.054
08:26:21.164368	515	0.29	-0.04	1.055
08:26:21.166932	516	0.292	-0.036	1.052
08:26:21.169496	517	0.3	-0.036	1.049
08:26:21.172060	518	0.296	-0.039	1.055
08:26:21.174624	519	0.292	-0.04	1.051
08:26:21.177188	520	0.296	-0.039	1.048
08:26:21.179752	521	0.293	-0.036	1.055
08:26:21.182316	522	0.296	-0.041	1.059
08:26:21.184880	523	0.292	-0.04	1.054
08:26:21.187444	524	0.293	-0.036	1.049
08:26:21.190008	525	0.295	-0.034	1.054
08:26:21.192572	526	0.294	-0.04	1.055
08:26:21.195136	527	0.295	-0.04	1.052
08:26:21.197700	528	0.295	-0.036	1.054
08:26:21.200264	529	0.295	-0.04	1.055
08:26:21.202828	530	0.296	-0.04	1.052
08:26:21.205392	531	0.296	-0.036	1.052
08:26:21.207956	532	0.292	-0.039	1.055
08:26:21.210520	533	0.295	-0.041	1.052
08:26:21.213084	534	0.292	-0.042	1.055
08:26:21.215648	535	0.292	-0.04	1.057
08:26:21.218212	536	0.296	-0.044	1.056
08:26:21.220776	537	0.297	-0.033	1.057
08:26:21.223340	538	0.29	-0.04	1.057
08:26:21.225904	539	0.296	-0.036	1.062
08:26:21.228468	540	0.293	-0.04	1.054
08:26:21.231032	541	0.296	-0.04	1.052
08:26:21.233596	542	0.295	-0.04	1.057
08:26:21.236160	543	0.295	-0.041	1.057
08:26:21.238724	544	0.292	-0.041	1.052
08:26:21.241288	545	0.296	-0.034	1.055
08:26:21.243852	546	0.296	-0.04	1.057
08:26:21.246416	547	0.296	-0.04	1.055
08:26:21.248980	548	0.29	-0.039	1.052
08:26:21.251544	549	0.296	-0.039	1.059
08:26:21.254108	550	0.296	-0.042	1.055
08:26:21.256672	551	0.292	-0.042	1.049
08:26:21.259236	552	0.296	-0.036	1.055
08:26:21.261800	553	0.295	-0.039	1.056
08:26:21.264364	554	0.296	-0.042	1.055
08:26:21.266928	555	0.292	-0.036	1.055
08:26:21.269492	556	0.295	-0.037	1.054
08:26:21.272056	557	0.296	-0.04	1.054
08:26:21.274620	558	0.293	-0.045	1.051
08:26:21.277184	559	0.292	-0.036	1.054
08:26:21.279748	560	0.295	-0.041	1.055
08:26:21.282312	561	0.295	-0.04	1.054
08:26:21.284876	562	0.296	-0.04	1.052
08:26:21.287440	563	0.29	-0.037	1.052
08:26:21.290004	564	0.293	-0.039	1.047
08:26:21.292568	565	0.295	-0.034	1.048
08:26:21.295132	566	0.296	-0.036	1.055
08:26:21.297696	567	0.295	-0.034	1.052
08:26:21.300260	568	0.293	-0.04	1.051
08:26:21.302824	569	0.292	-0.039	1.052
08:26:21.305388	570	0.292	-0.04	1.057
08:26:21.307952	571	0.29	-0.04	1.054
08:26:21.310516	572	0.289	-0.04	1.051
08:26:21.313080	573	0.296	-0.036	1.052
08:26:21.315644	574	0.293	-0.04	1.056
08:26:21.318208	575	0.288	-0.04	1.052
08:26:21.320772	576	0.292	-0.039	1.054
08:26:21.323336	577	0.296	-0.037	1.056
08:26:21.325900	578	0.295	-0.04	1.059
08:26:21.328464	579	0.292	-0.039	1.048
08:26:21.331028	580	0.296	-0.034	1.051
08:26:21.333592	581	0.296	-0.04	1.059
08:26:21.336156	582	0.293	-0.039	1.062
08:26:21.338720	583	0.288	-0.04	1.055
08:26:21.341284	584	0.292	-0.04	1.055
08:26:21.343848	585	0.296	-0.04	1.055
08:26:21.346412	586	0.296	-0.042	1.059
08:26:21.348976	587	0.29	-0.042	1.049
08:26:21.351540	588	0.295	-0.036	1.055
08:26:21.354104	589	0.295	-0.034	1.057
08:26:21.356668	590	0.29	-0.044	1.059
08:26:21.359232	591	0.292	-0.036	1.051
08:26:21.361796	592	0.297	-0.036	1.059
08:26:21.364360	593	0.296	-0.039	1.059
08:26:21.366924	594	0.292	-0.042	1.056
08:26:21.369488	595	0.29	-0.039	1.054
08:26:21.372052	596	0.297	-0.039	1.055
08:26:21.374616	597	0.292	-0.045	1.055
08:26:21.377180	598	0.288	-0.042	1.054
08:26:21.379744	599	0.292	-0.036	1.056
08:26:21.382308	600	0.296	-0.036	1.055
08:26:21.384872	601	0.293	-0.04	1.055
08:26:21.387436	602	0.29	-0.04	1.051
08:26:21.390000	603	0.296	-0.037	1.052
08:26:21.392564	604	0.297	-0.04	1.055
08:26:21.395128	605	0.295	-0.041	1.054
08:26:21.397692	606	0.292	-0.039	1.055
08:26:21.400256	607	0.292	-0.036	1.054
08:26:21.402820	608	0.296	-0.04	1.055
08:26:21.405384	609	0.292	-0.04	1.055
08:26:21.407948	610	0.296	-0.036	1.055
08:26:21.410512	611	0.292	-0.04	1.052
08:26:21.413076	612	0.296	-0.039	1.055
08:26:21.415640	613	0.295	-0.039	1.055
08:26:21.418204	614	0.292	-0.036	1.062
08:26:21.420768	615	0.296	-0.039	1.054
08:26:21.423332	616	0.292	-0.033	1.056
08:26:21.425896	617	0.293	-0.04	1.055
08:26:21.428460	618	0.292	-0.044	1.056
08:26:21.431024	619	0.292	-0.039	1.054
08:26:21.433588	620	0.296	-0.036	1.055
08:26:21.436152	621	0.288	-0.04	1.054
08:26:21.438716	622	0.29	-0.039	1.054
08:26:21.441280	623	0.29	-0.036	1.051
08:26:21.443844	624	0.296	-0.036	1.059
08:26:21.446408	625	0.288	-0.042	1.059
08:26:21.448972	626	0.288	-0.039	1.052
08:26:21.451536	627	0.296	-0.036	1.054
08:26:21.454100	628	0.29	-0.039	1.055
08:26:21.456664	629	0.288	-0.045	1.051
08:26:21.459228	630	0.288	-0.036	1.055
08:26:21.461792	631	0.298	-0.036	1.055
08:26:21.464356	632	0.293	-0.04	1.063
08:26:21.466920	633	0.292	-0.041	1.052
08:26:21.469484	634	0.296	-0.039	1.054
08:26:21.472048	635	0.296	-0.04	1.052
08:26:21.474612	636	0.292	-0.04	1.052
08:26:21.477176	637	0.292	-0.04	1.055
08:26:21.479740	638	0.295	-0.04	1.056
08:26:21.482304	639	0.293	-0.042	1.055
08:26:21.484868	640	0.296	-0.036	1.059
08:26:21.487432	641	0.288	-0.042	1.055
08:26:21.489996	642	0.289	-0.04	1.049
08:26:21.492560	643	0.292	-0.045	1.048
08:26:21.495124	644	0.296	-0.039	1.059
08:26:21.497688	645	0.292	-0.044	1.055
08:26:21.500252	646	0.288	-0.04	1.048
08:26:21.502816	647	0.297	-0.034	1.048
08:26:21.505380	648	0.296	-0.036	1.059
08:26:21.507944	649	0.292	-0.044	1.055
08:26:21.510508	650	0.292	-0.04	1.049
08:26:21.513072	651	0.296	-0.037	1.055
08:26:21.515636	652	0.292	-0.042	1.055
08:26:21.518200	653	0.288	-0.04	1.049
08:26:21.520764	654	0.296	-0.04	1.048
08:26:21.523328	655	0.298	-0.033	1.059
08:26:21.525892	656	0.292	-0.04	1.054
08:26:21.528456	657	0.292	-0.041	1.052
08:26:21.531020	658	0.296	-0.036	1.056
08:26:21.533584	659	0.296	-0.04	1.057
08:26:21.536148	660	0.29	-0.04	1.048
08:26:21.538712	661	0.295	-0.039	1.051
08:26:21.541276	662	0.295	-0.036	1.054
08:26:21.543840	663	0.292	-0.039	1.055
08:26:21.546404	664	0.29	-0.041	1.054
08:26:21.548968	665	0.296	-0.04	1.055
08:26:21.551532	666	0.295	-0.044	1.052
08:26:21.554096	667	0.292	-0.039	1.051
08:26:21.556660	668	0.296	-0.039	1.052
08:26:21.559224	669	0.296	-0.04	1.055
08:26:21.561788	670	0.292	-0.045	1.052
08:26:21.564352	671	0.293	-0.033	1.052
08:26:21.566916	672	0.293	-0.04	1.055
08:26:21.569480	673	0.296	-0.042	1.055
08:26:21.572044	674	0.292	-0.045	1.052
08:26:21.574608	675	0.298	-0.039	1.055
08:26:21.577172	676	0.296	-0.04	1.055
08:26:21.579736	677	0.289	-0.04	1.055
08:26:21.582300	678	0.292	-0.042	1.055
08:26:21.584864	679	0.297	-0.036	1.062
08:26:21.587428	680	0.288	-0.042	1.055
08:26:21.589992	681	0.29	-0.042	1.048
08:26:21.592556	682	0.298	-0.04	1.051
08:26:21.595120	683	0.301	-0.036	1.059
08:26:21.597684	684	0.288	-0.045	1.051
08:26:21.600248	685	0.292	-0.039	1.052
08:26:21.602812	686	0.3	-0.036	1.054
08:26:21.605376	687	0.292	-0.037	1.056
08:26:21.607940	688	0.288	-0.04	1.051
08:26:21.610504	689	0.298	-0.039	1.052
08:26:21.613068	690	0.296	-0.04	1.054
08:26:21.615632	691	0.296	-0.04	1.056
08:26:21.618196	692	0.29	-0.045	1.052
08:26:21.620760	693	0.296	-0.036	1.055
08:26:21.623324	694	0.29	-0.04	1.055
08:26:21.625888	695	0.292	-0.037	1.054
08:26:21.628452	696	0.296	-0.036	1.054
08:26:21.631016	697	0.297	-0.039	1.057
08:26:21.633580	698	0.293	-0.04	1.054
08:26:21.636144	699	0.29	-0.039	1.054
08:26:21.638708	700	0.293	-0.036	1.055
08:26:21.641272	701	0.295	-0.04	1.056
08:26:21.643836	702	0.292	-0.04	1.052
08:26:21.646400	703	0.295	-0.034	1.059
08:26:21.648964	704	0.29	-0.039	1.054
08:26:21.651528	705	0.292	-0.041	1.055
08:26:21.654092	706	0.292	-0.036	1.054
08:26:21.656656	707	0.296	-0.033	1.057
08:26:21.659220	708	0.29	-0.04	1.052
08:26:21.661784	709	0.296	-0.04	1.055
08:26:21.664348	710	0.292	-0.036	1.055
08:26:21.666912	711	0.292	-0.04	1.057
08:26:21.669476	712	0.289	-0.039	1.048
08:26:21.672040	713	0.296	-0.04	1.055
08:26:21.674604	714	0.293	-0.04	1.055
08:26:21.677168	715	0.293	-0.036	1.055
08:26:21.679732	716	0.292	-0.042	1.055
08:26:21.682296	717	0.29	-0.044	1.055
08:26:21.684860	718	0.292	-0.04	1.052
08:26:21.687424	719	0.295	-0.039	1.056
08:26:21.689988	720	0.292	-0.042	1.054
08:26:21.692552	721	0.297	-0.04	1.059
08:26:21.695116	722	0.295	-0.04	1.052
08:26:21.697680	723	0.297	-0.036	1.055
08:26:21.700244	724	0.296	-0.042	1.055
08:26:21.702808	725	0.292	-0.041	1.052
08:26:21.705372	726	0.292	-0.04	1.048
08:26:21.707936	727	0.295	-0.036	1.055
08:26:21.710500	728	0.292	-0.044	1.056
08:26:21.713064	729	0.296	-0.04	1.052
08:26:21.715628	730	0.297	-0.04	1.054
08:26:21.718192	731	0.296	-0.039	1.059
08:26:21.720756	732	0.296	-0.04	1.055
08:26:21.723320	733	0.296	-0.039	1.057
08:26:21.725884	734	0.292	-0.04	1.055
08:26:21.728448	735	0.289	-0.04	1.049
08:26:21.731012	736	0.3	-0.04	1.06
08:26:21.733576	737	0.292	-0.04	1.059
08:26:21.736140	738	0.29	-0.04	1.052
08:26:21.738704	739	0.296	-0.037	1.052
08:26:21.741268	740	0.292	-0.041	1.052
08:26:21.743832	741	0.288	-0.036	1.049
08:26:21.746396	742	0.296	-0.036	1.056
08:26:21.748960	743	0.296	-0.041	1.054
08:26:21.751524	744	0.292	-0.041	1.052
08:26:21.754088	745	0.293	-0.036	1.052
08:26:21.756652	746	0.296	-0.036	1.055
08:26:21.759216	747	0.292	-0.04	1.051
08:26:21.761780	748	0.296	-0.037	1.055
08:26:21.764344	749	0.296	-0.036	1.054
08:26:21.766908	750	0.295	-0.036	1.052
08:26:21.769472	751	0.294	-0.042	1.046
08:26:21.772036	752	0.297	-0.039	1.055
08:26:21.774600	753	0.295	-0.04	1.051
08:26:21.777164	754	0.293	-0.04	1.049
08:26:21.779728	755	0.292	-0.039	1.049
08:26:21.782292	756	0.296	-0.039	1.056
08:26:21.784856	757	0.292	-0.04	1.052
08:26:21.787420	758	0.292	-0.037	1.054
08:26:21.789984	759	0.292	-0.036	1.055
08:26:21.792548	760	0.296	-0.039	1.06
08:26:21.795112	761	0.293	-0.04	1.054
08:26:21.797676	762	0.292	-0.034	1.054
08:26:21.800240	763	0.29	-0.04	1.055
08:26:21.802804	764	0.293	-0.045	1.062
08:26:21.805368	765	0.288	-0.04	1.055
08:26:21.807932	766	0.29	-0.037	1.056
08:26:21.810496	767	0.293	-0.041	1.055
08:26:21.813060	768	0.296	-0.044	1.059
08:26:21.815624	769	0.29	-0.039	1.054
08:26:21.818188	770	0.292	-0.037	1.056
08:26:21.820752	771	0.29	-0.042	1.057
08:26:21.823316	772	0.296	-0.041	1.055
08:26:21.825880	773	0.293	-0.039	1.054
08:26:21.828444	774	0.296	-0.04	1.054
08:26:21.831008	775	0.292	-0.045	1.049
08:26:21.833572	776	0.295	-0.04	1.052
08:26:21.836136	777	0.292	-0.039	1.055
08:26:21.838700	778	0.296	-0.039	1.052
08:26:21.841264	779	0.296	-0.04	1.055
08:26:21.843828	780	0.293	-0.04	1.06
08:26:21.846392	781	0.295	-0.04	1.055
08:26:21.848956	782	0.293	-0.039	1.055
08:26:21.851520	783	0.296	-0.039	1.059
08:26:21.854084	784	0.29	-0.041	1.057
08:26:21.856648	785	0.292	-0.034	1.052
08:26:21.859212	786	0.296	-0.037	1.054
08:26:21.861776	787	0.29	-0.042	1.057
08:26:21.864340	788	0.292	-0.044	1.057
08:26:21.866904	789	0.296	-0.04	1.055
08:26:21.869468	790	0.292	-0.034	1.055
08:26:21.872032	791	0.29	-0.042	1.052
08:26:21.874596	792	0.292	-0.039	1.052
08:26:21.877160	793	0.292	-0.036	1.054
08:26:21.879724	794	0.292	-0.04	1.055
08:26:21.882288	795	0.295	-0.045	1.055
08:26:21.884852	796	0.296	-0.036	1.055
08:26:21.887416	797	0.295	-0.039	1.052
08:26:21.889980	798	0.295	-0.039	1.048
08:26:21.892544	799	0.293	-0.037	1.051
08:26:21.895108	800	0.292	-0.036	1.057
08:26:21.897672	801	0.292	-0.036	1.057
08:26:21.900236	802	0.293	-0.039	1.049
08:26:21.902800	803	0.296	-0.037	1.057
08:26:21.905364	804	0.292	-0.037	1.052
08:26:21.907928	805	0.292	-0.039	1.051
08:26:21.910492	806	0.295	-0.036	1.051
08:26:21.913056	807	0.296	-0.04	1.056
08:26:21.915620	808	0.288	-0.04	1.052
08:26:21.918184	809	0.292	-0.04	1.048
08:26:21.920748	810	0.301	-0.036	1.055
08:26:21.923312	811	0.293	-0.042	1.055
08:26:21.925876	812	0.288	-0.045	1.055
08:26:21.928440	813	0.292	-0.036	1.054
08:26:21.931004	814	0.298	-0.04	1.059
08:26:21.933568	815	0.288	-0.045	1.049
08:26:21.936132	816	0.288	-0.04	1.048
08:26:21.938696	817	0.298	-0.036	1.052
08:26:21.941260	818	0.298	-0.039	1.059
08:26:21.943824	819	0.288	-0.048	1.056
08:26:21.946388	820	0.295	-0.04	1.054
08:26:21.948952	821	0.296	-0.036	1.055
08:26:21.951516	822	0.29	-0.045	1.059
08:26:21.954080	823	0.288	-0.045	1.055
08:26:21.956644	824	0.292	-0.037	1.052
08:26:21.959208	825	0.3	-0.034	1.052
08:26:21.961772	826	0.295	-0.04	1.054
08:26:21.964336	827	0.296	-0.04	1.055
08:26:21.966900	828	0.293	-0.04	1.052
08:26:21.969464	829	0.292	-0.039	1.054
08:26:21.972028	830	0.292	-0.041	1.052
08:26:21.974592	831	0.292	-0.036	1.057
08:26:21.977156	832	0.292	-0.04	1.048
08:26:21.979720	833	0.296	-0.033	1.052
08:26:21.982284	834	0.296	-0.037	1.054
08:26:21.984848	835	0.292	-0.04	1.054
08:26:21.987412	836	0.29	-0.04	1.048
08:26:21.989976	837	0.297	-0.036	1.055
08:26:21.992540	838	0.296	-0.04	1.057
08:26:21.995104	839	0.288	-0.04	1.055
08:26:21.997668	840	0.29	-0.037	1.052
08:26:22.000232	841	0.297	-0.04	1.052
08:26:22.002796	842	0.296	-0.034	1.055
08:26:22.005360	843	0.295	-0.039	1.06
08:26:22.007924	844	0.288	-0.039	1.052
08:26:22.010488	845	0.296	-0.04	1.054
08:26:22.013052	846	0.289	-0.036	1.052
08:26:22.015616	847	0.288	-0.036	1.054
08:26:22.018180	848	0.292	-0.033	1.052
08:26:22.020744	849	0.296	-0.034	1.055
08:26:22.023308	850	0.292	-0.037	1.052
08:26:22.025872	851	0.29	-0.041	1.052
08:26:22.028436	852	0.292	-0.04	1.051
08:26:22.031000	853	0.295	-0.04	1.049
08:26:22.033564	854	0.29	-0.04	1.055
08:26:22.036128	855	0.295	-0.04	1.052
08:26:22.038692	856	0.295	-0.04	1.048
08:26:22.041256	857	0.29	-0.036	1.054
08:26:22.043820	858	0.296	-0.041	1.056
08:26:22.046384	859	0.292	-0.041	1.052
08:26:22.048948	860	0.295	-0.04	1.049
08:26:22.051512	861	0.296	-0.033	1.056
08:26:22.054076	862	0.295	-0.039	1.055
08:26:22.056640	863	0.289	-0.042	1.052
08:26:22.059204	864	0.29	-0.037	1.055
08:26:22.061768	865	0.296	-0.041	1.056
08:26:22.064332	866	0.295	-0.04	1.055
08:26:22.066896	867	0.288	-0.044	1.055
08:26:22.069460	868	0.29	-0.041	1.049
08:26:22.072024	869	0.3	-0.036	1.055
08:26:22.074588	870	0.292	-0.041	1.055
08:26:22.077152	871	0.29	-0.04	1.055
08:26:22.079716	872	0.296	-0.04	1.049
08:26:22.082280	873	0.3	-0.036	1.057
08:26:22.084844	874	0.29	-0.041	1.049
08:26:22.087408	875	0.289	-0.036	1.048
08:26:22.089972	876	0.295	-0.037	1.048
08:26:22.092536	877	0.296	-0.039	1.059
08:26:22.095100	878	0.289	-0.045	1.049
08:26:22.097664	879	0.29	-0.04	1.047
08:26:22.100228	880	0.296	-0.036	1.048
08:26:22.102792	881	0.297	-0.041	1.055
08:26:22.105356	882	0.29	-0.045	1.052
08:26:22.107920	883	0.296	-0.04	1.054
08:26:22.110484	884	0.297	-0.039	1.055
08:26:22.113048	885	0.295	-0.041	1.054
08:26:22.115612	886	0.29	-0.04	1.052
08:26:22.118176	887	0.293	-0.039	1.054
08:26:22.120740	888	0.296	-0.04	1.055
08:26:22.123304	889	0.29	-0.041	1.054
08:26:22.125868	890	0.295	-0.04	1.055
08:26:22.128432	891	0.292	-0.04	1.057
08:26:22.130996	892	0.292	-0.04	1.052
08:26:22.133560	893	0.29	-0.04	1.054
08:26:22.136124	894	0.29	-0.04	1.055
08:26:22.138688	895	0.296	-0.04	1.055
08:26:22.141252	896	0.295	-0.037	1.055
08:26:22.143816	897	0.296	-0.036	1.054
08:26:22.146380	898	0.292	-0.04	1.059
08:26:22.148944	899	0.292	-0.04	1.049
08:26:22.151508	900	0.295	-0.04	1.055
08:26:22.154072	901	0.297	-0.039	1.059
08:26:22.156636	902	0.296	-0.044	1.055
08:26:22.159200	903	0.293	-0.04	1.054
08:26:22.161764	904	0.301	-0.037	1.055
08:26:22.164328	905	0.296	-0.04	1.057
08:26:22.166892	906	0.288	-0.044	1.052
08:26:22.169456	907	0.292	-0.04	1.048
08:26:22.172020	908	0.298	-0.039	1.056
08:26:22.174584	909	0.293	-0.042	1.059
08:26:22.177148	910	0.29	-0.042	1.054
08:26:22.179712	911	0.295	-0.036	1.047
08:26:22.182276	912	0.296	-0.033	1.055
08:26:22.184840	913	0.292	-0.041	1.051
08:26:22.187404	914	0.29	-0.042	1.051
08:26:22.189968	915	0.297	-0.036	1.055
08:26:22.192532	916	0.298	-0.04	1.059
08:26:22.195096	917	0.292	-0.04	1.054
08:26:22.197660	918	0.292	-0.04	1.052
08:26:22.200224	919	0.295	-0.04	1.056
08:26:22.202788	920	0.292	-0.039	1.055
08:26:22.205352	921	0.292	-0.04	1.052
08:26:22.207916	922	0.292	-0.04	1.055
08:26:22.210480	923	0.297	-0.04	1.057
08:26:22.213044	924	0.292	-0.04	1.056
08:26:22.215608	925	0.292	-0.039	1.056
08:26:22.218172	926	0.293	-0.039	1.056
08:26:22.220736	927	0.292	-0.04	1.051
08:26:22.223300	928	0.295	-0.033	1.055
08:26:22.225864	929	0.288	-0.039	1.056
08:26:22.228428	930	0.292	-0.036	1.055
08:26:22.230992	931	0.296	-0.036	1.055
08:26:22.233556	932	0.295	-0.034	1.059
08:26:22.236120	933	0.29	-0.042	1.048
08:26:22.238684	934	0.293	-0.036	1.051
08:26:22.241248	935	0.295	-0.036	1.052
08:26:22.243812	936	0.296	-0.042	1.059
08:26:22.246376	937	0.292	-0.039	1.055
08:26:22.248940	938	0.296	-0.036	1.055
08:26:22.251504	939	0.295	-0.036	1.052
08:26:22.254068	940	0.296	-0.039	1.052
08:26:22.256632	941	0.292	-0.039	1.052
08:26:22.259196	942	0.296	-0.036	1.056
08:26:22.261760	943	0.298	-0.037	1.054
08:26:22.264324	944	0.296	-0.036	1.052
08:26:22.266888	945	0.296	-0.036	1.055
08:26:22.269452	946	0.292	-0.036	1.055
08:26:22.272016	947	0.296	-0.04	1.052
08:26:22.274580	948	0.296	-0.036	1.059
08:26:22.277144	949	0.296	-0.039	1.055
08:26:22.279708	950	0.29	-0.042	1.054
08:26:22.282272	951	0.292	-0.036	1.051
08:26:22.284836	952	0.296	-0.037	1.055
08:26:22.287400	953	0.288	-0.04	1.056
08:26:22.289964	954	0.295	-0.04	1.054
08:26:22.292528	955	0.298	-0.036	1.055
08:26:22.295092	956	0.296	-0.039	1.055
08:26:22.297656	957	0.288	-0.047	1.055
08:26:22.300220	958	0.29	-0.04	1.054
08:26:22.302784	959	0.296	-0.036	1.055
08:26:22.305348	960	0.292	-0.036	1.059
08:26:22.307912	961	0.29	-0.041	1.052
08:26:22.310476	962	0.296	-0.039	1.056
08:26:22.313040	963	0.292	-0.036	1.055
08:26:22.315604	964	0.288	-0.04	1.059
08:26:22.318168	965	0.288	-0.04	1.054
08:26:22.320732	966	0.295	-0.039	1.055
08:26:22.323296	967	0.292	-0.04	1.056
08:26:22.325860	968	0.293	-0.04	1.052
08:26:22.328424	969	0.288	-0.04	1.054
08:26:22.330988	970	0.296	-0.036	1.055
08:26:22.333552	971	0.298	-0.036	1.055
08:26:22.336116	972	0.292	-0.036	1.056
08:26:22.338680	973	0.292	-0.041	1.054
08:26:22.341244	974	0.297	-0.034	1.056
08:26:22.343808	975	0.296	-0.033	1.055
08:26:22.346372	976	0.292	-0.036	1.056
08:26:22.348936	977	0.292	-0.041	1.056
08:26:22.351500	978	0.295	-0.04	1.052
08:26:22.354064	979	0.292	-0.037	1.055
08:26:22.356628	980	0.293	-0.039	1.056
08:26:22.359192	981	0.295	-0.044	1.052
08:26:22.361756	982	0.292	-0.034	1.055
08:26:22.364320	983	0.292	-0.04	1.055
08:26:22.366884	984	0.29	-0.04	1.057
08:26:22.369448	985	0.295	-0.042	1.054
08:26:22.372012	986	0.297	-0.036	1.059
08:26:22.374576	987	0.292	-0.037	1.055
08:26:22.377140	988	0.292	-0.036	1.057
08:26:22.379704	989	0.293	-0.039	1.054
08:26:22.382268	990	0.296	-0.036	1.059
08:26:22.384832	991	0.29	-0.04	1.049
08:26:22.387396	992	0.289	-0.04	1.048
08:26:22.389960	993	0.296	-0.041	1.055
08:26:22.392524	994	0.296	-0.036	1.057
08:26:22.395088	995	0.292	-0.04	1.052
08:26:22.397652	996	0.292	-0.036	1.056
08:26:22.400216	997	0.296	-0.039	1.055
08:26:22.402780	998	0.29	-0.04	1.057
08:26:22.405344	999	0.292	-0.039	1.054
08:26:22.407908	1000	0.292	-0.037	1.054
08:26:22.410472	1001	0.296	-0.039	1.057
08:26:22.413036	1002	0.296	-0.036	1.055
08:26:22.415600	1003	0.292	-0.04	1.055
08:26:22.418164	1004	0.296	-0.039	1.054
08:26:22.420728	1005	0.292	-0.045	1.055
08:26:22.423292	1006	0.289	-0.04	1.055
08:26:22.425856	1007	0.296	-0.039	1.055
08:26:22.428420	1008	0.289	-0.039	1.055
08:26:22.430984	1009	0.29	-0.042	1.054
08:26:22.433548	1010	0.29	-0.034	1.047
08:26:22.436112	1011	0.298	-0.036	1.052
08:26:22.438676	1012	0.293	-0.04	1.055
08:26:22.441240	1013	0.29	-0.04	1.051
08:26:22.443804	1014	0.296	-0.036	1.055
08:26:22.446368	1015	0.293	-0.034	1.055
08:26:22.448932	1016	0.29	-0.04	1.052
08:26:22.451496	1017	0.288	-0.036	1.049
08:26:22.454060	1018	0.293	-0.039	1.054
08:26:22.456624	1019	0.292	-0.039	1.055
08:26:22.459188	1020	0.289	-0.04	1.052
08:26:22.461752	1021	0.297	-0.039	1.06
08:26:22.464316	1022	0.292	-0.039	1.056
08:26:22.466880	1023	0.29	-0.04	1.055
08:26:22.469444	1024	0.288	-0.04	1.052
08:26:25.231364	1	0.288	-0.032	1.062
08:26:25.233928	2	0.293	-0.033	1.062
08:26:25.236492	3	0.288	-0.036	1.06
08:26:25.239056	4	0.292	-0.033	1.057
08:26:25.241620	5	0.288	-0.041	1.051
08:26:25.244184	6	0.292	-0.036	1.056
08:26:25.246748	7	0.288	-0.044	1.052
08:26:25.249312	8	0.293	-0.036	1.055
08:26:25.251876	9	0.295	-0.036	1.055
08:26:25.254440	10	0.292	-0.04	1.055
08:26:25.257004	11	0.288	-0.042	1.049
08:26:25.259568	12	0.292	-0.036	1.055
08:26:25.262132	13	0.292	-0.04	1.052
08:26:25.264696	14	0.293	-0.04	1.054
08:26:25.267260	15	0.296	-0.041	1.052
08:26:25.269824	16	0.292	-0.04	1.056
08:26:25.272388	17	0.288	-0.041	1.052
08:26:25.274952	18	0.293	-0.04	1.055
08:26:25.277516	19	0.292	-0.04	1.055
08:26:25.280080	20	0.293	-0.041	1.055
08:26:25.282644	21	0.293	-0.04	1.052
08:26:25.285208	22	0.303	-0.036	1.056
08:26:25.287772	23	0.296	-0.042	1.056
08:26:25.290336	24	0.292	-0.04	1.055
08:26:25.292900	25	0.293	-0.04	1.052
08:26:25.295464	26	0.297	-0.039	1.055
08:26:25.298028	27	0.29	-0.044	1.052
08:26:25.300592	28	0.292	-0.04	1.051
08:26:25.303156	29	0.3	-0.039	1.054
08:26:25.305720	30	0.296	-0.036	1.059
08:26:25.308284	31	0.287	-0.04	1.052
08:26:25.310848	32	0.292	-0.04	1.047
08:26:25.313412	33	0.298	-0.036	1.054
08:26:25.315976	34	0.292	-0.045	1.052
08:26:25.318540	35	0.29	-0.041	1.049
08:26:25.321104	36	0.296	-0.036	1.048
08:26:25.323668	37	0.296	-0.04	1.055
08:26:25.326232	38	0.29	-0.04	1.052
08:26:25.328796	39	0.292	-0.041	1.054
08:26:25.331360	40	0.292	-0.034	1.052
08:26:25.333924	41	0.292	-0.037	1.055
08:26:25.336488	42	0.292	-0.04	1.057
08:26:25.339052	43	0.292	-0.039	1.054
08:26:25.341616	44	0.292	-0.034	1.052
08:26:25.344180	45	0.296	-0.036	1.054
08:26:25.346744	46	0.295	-0.04	1.055
08:26:25.349308	47	0.288	-0.039	1.052
08:26:25.351872	48	0.296	-0.037	1.055
08:26:25.354436	49	0.292	-0.039	1.059
08:26:25.357000	50	0.292	-0.04	1.052
08:26:25.359564	51	0.289	-0.04	1.055
08:26:25.362128	52	0.292	-0.036	1.055
08:26:25.364692	53	0.295	-0.041	1.059
08:26:25.367256	54	0.292	-0.04	1.054
08:26:25.369820	55	0.292	-0.04	1.057
08:26:25.372384	56	0.292	-0.037	1.055
08:26:25.374948	57	0.295	-0.041	1.052
08:26:25.377512	58	0.29	-0.039	1.052
08:26:25.380076	59	0.292	-0.04	1.055
08:26:25.382640	60	0.295	-0.041	1.052
08:26:25.385204	61	0.292	-0.039	1.048
08:26:25.387768	62	0.292	-0.04	1.055
08:26:25.390332	63	0.29	-0.042	1.054
08:26:25.392896	64	0.296	-0.04	1.052
08:26:25.395460	65	0.292	-0.034	1.056
08:26:25.398024	66	0.292	-0.037	1.055
08:26:25.400588	67	0.292	-0.041	1.052
08:26:25.403152	68	0.295	-0.04	1.051
08:26:25.405716	69	0.296	-0.04	1.055
08:26:25.408280	70	0.292	-0.04	1.055
08:26:25.410844	71	0.292	-0.041	1.052
08:26:25.413408	72	0.296	-0.034	1.056
08:26:25.415972	73	0.295	-0.034	1.055
08:26:25.418536	74	0.29	-0.041	1.054
08:26:25.421100	75	0.293	-0.037	1.055
08:26:25.423664	76	0.296	-0.04	1.057
08:26:25.426228	77	0.292	-0.04	1.059
08:26:25.428792	78	0.29	-0.044	1.054
08:26:25.431356	79	0.292	-0.039	1.055
08:26:25.433920	80	0.292	-0.037	1.055
08:26:25.436484	81	0.29	-0.04	1.056
08:26:25.439048	82	0.288	-0.039	1.056
08:26:25.441612	83	0.296	-0.041	1.057
08:26:25.444176	84	0.293	-0.036	1.054
08:26:25.446740	85	0.292	-0.04	1.052
08:26:25.449304	86	0.296	-0.04	1.055
08:26:25.451868	87	0.296	-0.04	1.059
08:26:25.454432	88	0.292	-0.04	1.055
08:26:25.456996	89	0.292	-0.04	1.055
08:26:25.459560	90	0.292	-0.04	1.055
08:26:25.462124	91	0.296	-0.042	1.059
08:26:25.464688	92	0.296	-0.044	1.052
08:26:25.467252	93	0.293	-0.039	1.055
08:26:25.469816	94	0.29	-0.045	1.055
08:26:25.472380	95	0.296	-0.036	1.056
08:26:25.474944	96	0.295	-0.034	1.056
08:26:25.477508	97	0.292	-0.036	1.057
08:26:25.480072	98	0.292	-0.041	1.052
08:26:25.482636	99	0.296	-0.036	1.062
08:26:25.485200	100	0.292	-0.04	1.059
08:26:25.487764	101	0.295	-0.04	1.059
08:26:25.490328	102	0.292	-0.041	1.048
08:26:25.492892	103	0.292	-0.036	1.052
08:26:25.495456	104	0.292	-0.036	1.054
08:26:25.498020	105	0.296	-0.036	1.056
08:26:25.500584	106	0.296	-0.04	1.055
08:26:25.503148	107	0.288	-0.042	1.055
08:26:25.505712	108	0.292	-0.039	1.048
08:26:25.508276	109	0.296	-0.036	1.055
08:26:25.510840	110	0.29	-0.041	1.055
08:26:25.513404	111	0.296	-0.041	1.055
08:26:25.515968	112	0.296	-0.039	1.054
08:26:25.518532	113	0.296	-0.039	1.052
08:26:25.521096	114	0.293	-0.044	1.052
08:26:25.523660	115	0.292	-0.039	1.054
08:26:25.526224	116	0.295	-0.039	1.055
08:26:25.528788	117	0.292	-0.036	1.055
08:26:25.531352	118	0.29	-0.041	1.054
08:26:25.533916	119	0.296	-0.039	1.057
08:26:25.536480	120	0.292	-0.037	1.057
08:26:25.539044	121	0.29	-0.036	1.051
08:26:25.541608	122	0.296	-0.041	1.049
08:26:25.544172	123	0.301	-0.036	1.057
08:26:25.546736	124	0.29	-0.04	1.054
08:26:25.549300	125	0.292	-0.04	1.052
08:26:25.551864	126	0.296	-0.04	1.055
08:26:25.554428	127	0.296	-0.037	1.055
08:26:25.556992	128	0.289	-0.04	1.049
08:26:25.559556	129	0.301	-0.036	1.052
08:26:25.562120	130	0.296	-0.042	1.056
08:26:25.564684	131	0.289	-0.04	1.052
08:26:25.567248	132	0.292	-0.039	1.048
08:26:25.569812	133	0.298	-0.036	1.055
08:26:25.572376	134	0.296	-0.041	1.059
08:26:25.574940	135	0.29	-0.039	1.054
08:26:25.577504	136	0.296	-0.033	1.048
08:26:25.580068	137	0.296	-0.039	1.054
08:26:25.582632	138	0.288	-0.044	1.055
08:26:25.585196	139	0.29	-0.04	1.054
08:26:25.587760	140	0.296	-0.04	1.056
08:26:25.590324	141	0.292	-0.041	1.055
08:26:25.592888	142	0.288	-0.041	1.052
08:26:25.595452	143	0.29	-0.04	1.049
08:26:25.598016	144	0.298	-0.036	1.054
08:26:25.600580	145	0.296	-0.036	1.055
08:26:25.603144	146	0.293	-0.045	1.056
08:26:25.605708	147	0.292	-0.036	1.049
08:26:25.608272	148	0.293	-0.036	1.054
08:26:25.610836	149	0.29	-0.039	1.055
08:26:25.613400	150	0.292	-0.041	1.052
08:26:25.615964	151	0.292	-0.036	1.055
08:26:25.618528	152	0.292	-0.034	1.055
08:26:25.621092	153	0.293	-0.041	1.055
08:26:25.623656	154	0.292	-0.041	1.052
08:26:25.626220	155	0.292	-0.037	1.052
08:26:25.628784	156	0.288	-0.036	1.054
08:26:25.631348	157	0.296	-0.045	1.055
08:26:25.633912	158	0.292	-0.04	1.057
08:26:25.636476	159	0.292	-0.039	1.055
08:26:25.639040	160	0.296	-0.04	1.051
08:26:25.641604	161	0.295	-0.04	1.052
08:26:25.644168	162	0.292	-0.04	1.055
08:26:25.646732	163	0.288	-0.04	1.052
08:26:25.649296	164	0.298	-0.04	1.052
08:26:25.651860	165	0.292	-0.04	1.055
08:26:25.654424	166	0.292	-0.04	1.056
08:26:25.656988	167	0.288	-0.04	1.048
08:26:25.659552	168	0.296	-0.034	1.054
08:26:25.662116	169	0.296	-0.04	1.055
08:26:25.664680	170	0.292	-0.045	1.055
08:26:25.667244	171	0.292	-0.04	1.048
08:26:25.669808	172	0.297	-0.034	1.052
08:26:25.672372	173	0.293	-0.039	1.056
08:26:25.674936	174	0.29	-0.041	1.054
08:26:25.677500	175	0.29	-0.036	1.055
08:26:25.680064	176	0.296	-0.037	1.059
08:26:25.682628	177	0.293	-0.04	1.059
08:26:25.685192	178	0.292	-0.042	1.052
08:26:25.687756	179	0.292	-0.039	1.052
08:26:25.690320	180	0.295	-0.036	1.055
08:26:25.692884	181	0.29	-0.048	1.049
08:26:25.695448	182	0.295	-0.041	1.055
08:26:25.698012	183	0.295	-0.037	1.052
08:26:25.700576	184	0.295	-0.04	1.059
08:26:25.703140	185	0.292	-0.044	1.052
08:26:25.705704	186	0.293	-0.039	1.054
08:26:25.708268	187	0.295	-0.039	1.052
08:26:25.710832	188	0.298	-0.04	1.054
08:26:25.713396	189	0.292	-0.04	1.052
08:26:25.715960	190	0.296	-0.039	1.054
08:26:25.718524	191	0.295	-0.042	1.047
08:26:25.721088	192	0.3	-0.036	1.056
08:26:25.723652	193	0.288	-0.045	1.055
08:26:25.726216	194	0.288	-0.04	1.049
08:26:25.728780	195	0.296	-0.039	1.047
08:26:25.731344	196	0.296	-0.036	1.054
08:26:25.733908	197	0.292	-0.04	1.052
08:26:25.736472	198	0.29	-0.042	1.054
08:26:25.739036	199	0.295	-0.036	1.051
08:26:25.741600	200	0.298	-0.036	1.059
08:26:25.744164	201	0.295	-0.039	1.055
08:26:25.746728	202	0.292	-0.039	1.052
08:26:25.749292	203	0.293	-0.034	1.052
08:26:25.751856	204	0.296	-0.039	1.059
08:26:25.754420	205	0.29	-0.045	1.055
08:26:25.756984	206	0.288	-0.04	1.051
08:26:25.759548	207	0.292	-0.034	1.049
08:26:25.762112	208	0.296	-0.04	1.055
08:26:25.764676	209	0.292	-0.042	1.054
08:26:25.767240	210	0.292	-0.036	1.052
08:26:25.769804	211	0.298	-0.037	1.055
08:26:25.772368	212	0.296	-0.04	1.059
08:26:25.774932	213	0.289	-0.04	1.052
08:26:25.777496	214	0.293	-0.036	1.054
08:26:25.780060	215	0.296	-0.036	1.056
08:26:25.782624	216	0.296	-0.041	1.055
08:26:25.785188	217	0.288	-0.04	1.052
08:26:25.787752	218	0.296	-0.036	1.055
08:26:25.790316	219	0.296	-0.04	1.059
08:26:25.792880	220	0.289	-0.04	1.052
08:26:25.795444	221	0.292	-0.04	1.054
08:26:25.798008	222	0.295	-0.039	1.056
08:26:25.800572	223	0.295	-0.041	1.052
08:26:25.803136	224	0.288	-0.039	1.059
08:26:25.805700	225	0.292	-0.04	1.052
08:26:25.808264	226	0.296	-0.04	1.054
08:26:25.810828	227	0.296	-0.036	1.052
08:26:25.813392	228	0.292	-0.036	1.054
08:26:25.815956	229	0.296	-0.036	1.059
08:26:25.818520	230	0.295	-0.036	1.055
08:26:25.821084	231	0.292	-0.036	1.056
08:26:25.823648	232	0.295	-0.036	1.055
08:26:25.826212	233	0.292	-0.042	1.055
08:26:25.828776	234	0.292	-0.036	1.049
08:26:25.831340	235	0.296	-0.034	1.06
08:26:25.833904	236	0.288	-0.036	1.056
08:26:25.836468	237	0.289	-0.042	1.052
08:26:25.839032	238	0.292	-0.036	1.052
08:26:25.841596	239	0.296	-0.037	1.054
08:26:25.844160	240	0.288	-0.04	1.048
08:26:25.846724	241	0.293	-0.04	1.055
08:26:25.849288	242	0.292	-0.041	1.052
08:26:25.851852	243	0.296	-0.039	1.052
08:26:25.854416	244	0.293	-0.039	1.055
08:26:25.856980	245	0.296	-0.04	1.055
08:26:25.859544	246	0.293	-0.036	1.048
08:26:25.862108	247	0.3	-0.034	1.055
08:26:25.864672	248	0.296	-0.04	1.055
08:26:25.867236	249	0.29	-0.042	1.052
08:26:25.869800	250	0.292	-0.04	1.047
08:26:25.872364	251	0.296	-0.036	1.057
08:26:25.874928	252	0.292	-0.041	1.055
08:26:25.877492	253	0.289	-0.04	1.055
08:26:25.880056	254	0.296	-0.039	1.052
08:26:25.882620	255	0.292	-0.042	1.057
08:26:25.885184	256	0.288	-0.047	1.052
08:26:25.887748	257	0.292	-0.042	1.055
08:26:25.890312	258	0.295	-0.039	1.057
08:26:25.892876	259	0.296	-0.04	1.059
08:26:25.895440	260	0.29	-0.042	1.049
08:26:25.898004	261	0.296	-0.04	1.054
08:26:25.900568	262	0.292	-0.039	1.055
08:26:25.903132	263	0.288	-0.042	1.055
08:26:25.905696	264	0.29	-0.045	1.052
08:26:25.908260	265	0.296	-0.04	1.057
08:26:25.910824	266	0.293	-0.04	1.054
08:26:25.913388	267	0.29	-0.036	1.052
08:26:25.915952	268	0.296	-0.04	1.052
08:26:25.918516	269	0.293	-0.039	1.059
08:26:25.921080	270	0.296	-0.037	1.056
08:26:25.923644	271	0.296	-0.041	1.06
08:26:25.926208	272	0.288	-0.04	1.048
08:26:25.928772	273	0.296	-0.037	1.054
08:26:25.931336	274	0.295	-0.041	1.055
08:26:25.933900	275	0.292	-0.04	1.059
08:26:25.936464	276	0.288	-0.045	1.049
08:26:25.939028	277	0.296	-0.037	1.057
08:26:25.941592	278	0.296	-0.04	1.055
08:26:25.944156	279	0.292	-0.04	1.054
08:26:25.946720	280	0.293	-0.04	1.052
08:26:25.949284	281	0.296	-0.04	1.059
08:26:25.951848	282	0.292	-0.044	1.054
08:26:25.954412	283	0.29	-0.036	1.056
08:26:25.956976	284	0.293	-0.036	1.056
08:26:25.959540	285	0.295	-0.037	1.054
08:26:25.962104	286	0.29	-0.039	1.052
08:26:25.964668	287	0.296	-0.039	1.057
08:26:25.967232	288	0.293	-0.04	1.055
08:26:25.969796	289	0.297	-0.036	1.055
08:26:25.972360	290	0.293	-0.037	1.054
08:26:25.974924	291	0.292	-0.04	1.051
08:26:25.977488	292	0.296	-0.034	1.055
08:26:25.980052	293	0.296	-0.04	1.057
08:26:25.982616	294	0.296	-0.039	1.056
08:26:25.985180	295	0.295	-0.039	1.054
08:26:25.987744	296	0.292	-0.04	1.054
08:26:25.990308	297	0.29	-0.04	1.055
08:26:25.992872	298	0.288	-0.042	1.051
08:26:25.995436	299	0.292	-0.041	1.051
08:26:25.998000	300	0.296	-0.045	1.06
08:26:26.000564	301	0.295	-0.045	1.059
08:26:26.003128	302	0.292	-0.041	1.054
08:26:26.005692	303	0.295	-0.04	1.048
08:26:26.008256	304	0.292	-0.04	1.055
08:26:26.010820	305	0.293	-0.041	1.055
08:26:26.013384	306	0.293	-0.041	1.051
08:26:26.015948	307	0.296	-0.036	1.056
08:26:26.018512	308	0.29	-0.047	1.057
08:26:26.021076	309	0.295	-0.039	1.049
08:26:26.023640	310	0.296	-0.036	1.048
08:26:26.026204	311	0.295	-0.036	1.052
08:26:26.028768	312	0.295	-0.042	1.054
08:26:26.031332	313	0.292	-0.04	1.054
08:26:26.033896	314	0.296	-0.036	1.054
08:26:26.036460	315	0.289	-0.04	1.052
08:26:26.039024	316	0.292	-0.04	1.054
08:26:26.041588	317	0.295	-0.04	1.055
08:26:26.044152	318	0.295	-0.036	1.057
08:26:26.046716	319	0.292	-0.041	1.054
08:26:26.049280	320	0.292	-0.04	1.054
08:26:26.051844	321	0.292	-0.036	1.055
08:26:26.054408	322	0.292	-0.04	1.055
08:26:26.056972	323	0.292	-0.044	1.052
08:26:26.059536	324	0.296	-0.039	1.06
08:26:26.062100	325	0.296	-0.036	1.055
08:26:26.064664	326	0.292	-0.039	1.054
08:26:26.067228	327	0.296	-0.037	1.052
08:26:26.069792	328	0.296	-0.04	1.059
08:26:26.072356	329	0.285	-0.044	1.055
08:26:26.074920	330	0.292	-0.04	1.052
08:26:26.077484	331	0.297	-0.036	1.055
08:26:26.080048	332	0.295	-0.04	1.059
08:26:26.082612	333	0.289	-0.042	1.052
08:26:26.085176	334	0.292	-0.032	1.056
08:26:26.087740	335	0.292	-0.041	1.059
08:26:26.090304	336	0.293	-0.042	1.055
08:26:26.092868	337	0.295	-0.04	1.049
08:26:26.095432	338	0.298	-0.036	1.059
08:26:26.097996	339	0.297	-0.04	1.059
08:26:26.100560	340	0.29	-0.04	1.052
08:26:26.103124	341	0.29	-0.037	1.049
08:26:26.105688	342	0.301	-0.034	1.055
08:26:26.108252	343	0.292	-0.047	1.057
08:26:26.110816	344	0.293	-0.04	1.052
08:26:26.113380	345	0.296	-0.036	1.055
08:26:26.115944	346	0.294	-0.039	1.059
08:26:26.118508	347	0.292	-0.045	1.052
08:26:26.121072	348	0.292	-0.036	1.055
08:26:26.123636	349	0.292	-0.036	1.055
08:26:26.126200	350	0.292	-0.04	1.059
08:26:26.128764	351	0.292	-0.044	1.055
08:26:26.131328	352	0.296	-0.036	1.056
08:26:26.133892	353	0.29	-0.034	1.055
08:26:26.136456	354	0.296	-0.039	1.054
08:26:26.139020	355	0.296	-0.039	1.057
08:26:26.141584	356	0.296	-0.039	1.059
08:26:26.144148	357	0.292	-0.044	1.059
08:26:26.146712	358	0.288	-0.034	1.056
08:26:26.149276	359	0.293	-0.042	1.06
08:26:26.151840	360	0.292	-0.04	1.055
08:26:26.154404	361	0.297	-0.033	1.063
08:26:26.156968	362	0.287	-0.045	1.051
08:26:26.159532	363	0.296	-0.049	1.057
08:26:26.162096	364	0.298	-0.025	1.067
08:26:26.164660	365	0.292	-0.036	1.046
08:26:26.167224	366	0.29	-0.04	1.057
08:26:26.169788	367	0.295	-0.045	1.055
08:26:26.172352	368	0.295	-0.036	1.055
08:26:26.174916	369	0.292	-0.026	1.048
08:26:26.177480	370	0.285	-0.045	1.056
08:26:26.180044	371	0.296	-0.04	1.059
08:26:26.182608	372	0.301	-0.034	1.047
08:26:26.185172	373	0.29	-0.033	1.052
08:26:26.187736	374	0.281	-0.04	1.055
08:26:26.190300	375	0.308	-0.042	1.059
08:26:26.192864	376	0.297	-0.041	1.048
08:26:26.195428	377	0.281	-0.032	1.048
08:26:26.197992	378	0.288	-0.039	1.052
08:26:26.200556	379	0.305	-0.048	1.056
08:26:26.203120	380	0.3	-0.036	1.056
08:26:26.205684	381	0.281	-0.034	1.055
08:26:26.208248	382	0.29	-0.04	1.049
08:26:26.210812	383	0.305	-0.04	1.055
08:26:26.213376	384	0.301	-0.036	1.062
08:26:26.215940	385	0.281	-0.036	1.055
08:26:26.218504	386	0.292	-0.033	1.046
08:26:26.221068	387	0.298	-0.044	1.052
08:26:26.223632	388	0.296	-0.042	1.056
08:26:26.226196	389	0.292	-0.029	1.062
08:26:26.228760	390	0.295	-0.047	1.047
08:26:26.231324	391	0.3	-0.042	1.054
08:26:26.233888	392	0.287	-0.036	1.055
08:26:26.236452	393	0.292	-0.029	1.067
08:26:26.239016	394	0.301	-0.049	1.052
08:26:26.241580	395	0.289	-0.042	1.048
08:26:26.244144	396	0.281	-0.032	1.055
08:26:26.246708	397	0.296	-0.039	1.065
08:26:26.249272	398	0.305	-0.052	1.055
08:26:26.251836	399	0.298	-0.033	1.052
08:26:26.254400	400	0.269	-0.036	1.039
08:26:26.256964	401	0.289	-0.036	1.059
08:26:26.259528	402	0.314	-0.045	1.062
08:26:26.262092	403	0.303	-0.041	1.057
08:26:26.264656	404	0.276	-0.04	1.048
08:26:26.267220	405	0.293	-0.032	1.054
08:26:26.269784	406	0.308	-0.049	1.052
08:26:26.272348	407	0.292	-0.04	1.059
08:26:26.274912	408	0.276	-0.033	1.044
08:26:26.277476	409	0.296	-0.04	1.052
08:26:26.280040	410	0.308	-0.04	1.056
08:26:26.282604	411	0.296	-0.041	1.063
08:26:26.285168	412	0.285	-0.04	1.048
08:26:26.287732	413	0.301	-0.033	1.041
08:26:26.290296	414	0.296	-0.036	1.048
08:26:26.292860	415	0.288	-0.041	1.057
08:26:26.295424	416	0.295	-0.04	1.062
08:26:26.297988	417	0.303	-0.039	1.055
08:26:26.300552	418	0.289	-0.041	1.054
08:26:26.303116	419	0.287	-0.039	1.057
08:26:26.305680	420	0.295	-0.037	1.049
08:26:26.308244	421	0.296	-0.041	1.052
08:26:26.310808	422	0.288	-0.04	1.044
08:26:26.313372	423	0.292	-0.04	1.051
08:26:26.315936	424	0.301	-0.04	1.06
08:26:26.318500	425	0.292	-0.034	1.055
08:26:26.321064	426	0.285	-0.04	1.046
08:26:26.323628	427	0.29	-0.033	1.054
08:26:26.326192	428	0.301	-0.036	1.055
08:26:26.328756	429	0.296	-0.039	1.062
08:26:26.331320	430	0.287	-0.037	1.048
08:26:26.333884	431	0.293	-0.039	1.052
08:26:26.336448	432	0.296	-0.039	1.055
08:26:26.339012	433	0.295	-0.039	1.059
08:26:26.341576	434	0.289	-0.04	1.055
08:26:26.344140	435	0.296	-0.04	1.051
08:26:26.346704	436	0.295	-0.04	1.055
08:26:26.349268	437	0.293	-0.034	1.055
08:26:26.351832	438	0.295	-0.042	1.055
08:26:26.354396	439	0.293	-0.036	1.055
08:26:26.356960	440	0.292	-0.04	1.051
08:26:26.359524	441	0.292	-0.036	1.059
08:26:26.362088	442	0.293	-0.041	1.055
08:26:26.364652	443	0.289	-0.04	1.056
08:26:26.367216	444	0.289	-0.04	1.049
08:26:26.369780	445	0.296	-0.04	1.056
08:26:26.372344	446	0.296	-0.041	1.06
08:26:26.374908	447	0.295	-0.044	1.055
08:26:26.377472	448	0.296	-0.036	1.052
08:26:26.380036	449	0.296	-0.039	1.055
08:26:26.382600	450	0.29	-0.04	1.059
08:26:26.385164	451	0.292	-0.036	1.049
08:26:26.387728	452	0.296	-0.036	1.054
08:26:26.390292	453	0.296	-0.036	1.054
08:26:26.392856	454	0.292	-0.047	1.054
08:26:26.395420	455	0.293	-0.039	1.06
08:26:26.397984	456	0.296	-0.04	1.055
08:26:26.400548	457	0.292	-0.04	1.052
08:26:26.403112	458	0.288	-0.04	1.049
08:26:26.405676	459	0.298	-0.036	1.059
08:26:26.408240	460	0.296	-0.042	1.057
08:26:26.410804	461	0.296	-0.04	1.055
08:26:26.413368	462	0.292	-0.04	1.056
08:26:26.415932	463	0.298	-0.036	1.057
08:26:26.418496	464	0.293	-0.042	1.054
08:26:26.421060	465	0.29	-0.036	1.051
08:26:26.423624	466	0.292	-0.04	1.052
08:26:26.426188	467	0.297	-0.04	1.055
08:26:26.428752	468	0.296	-0.04	1.055
08:26:26.431316	469	0.297	-0.039	1.056
08:26:26.433880	470	0.296	-0.044	1.052
08:26:26.436444	471	0.295	-0.04	1.052
08:26:26.439008	472	0.29	-0.033	1.052
08:26:26.441572	473	0.292	-0.039	1.055
08:26:26.444136	474	0.292	-0.04	1.055
08:26:26.446700	475	0.296	-0.039	1.052
08:26:26.449264	476	0.296	-0.036	1.059
08:26:26.451828	477	0.3	-0.04	1.056
08:26:26.454392	478	0.295	-0.041	1.055
08:26:26.456956	479	0.288	-0.034	1.049
08:26:26.459520	480	0.293	-0.036	1.054
08:26:26.462084	481	0.292	-0.036	1.057
08:26:26.464648	482	0.292	-0.04	1.054
08:26:26.467212	483	0.296	-0.036	1.059
08:26:26.469776	484	0.296	-0.036	1.055
08:26:26.472340	485	0.293	-0.037	1.055
08:26:26.474904	486	0.292	-0.039	1.059
08:26:26.477468	487	0.295	-0.04	1.056
08:26:26.480032	488	0.292	-0.04	1.051
08:26:26.482596	489	0.292	-0.041	1.049
08:26:26.485160	490	0.296	-0.04	1.059
08:26:26.487724	491	0.295	-0.045	1.055
08:26:26.490288	492	0.292	-0.04	1.051
08:26:26.492852	493	0.29	-0.04	1.054
08:26:26.495416	494	0.292	-0.044	1.059
08:26:26.497980	495	0.288	-0.044	1.052
08:26:26.500544	496	0.29	-0.036	1.049
08:26:26.503108	497	0.296	-0.04	1.054
08:26:26.505672	498	0.296	-0.042	1.06
08:26:26.508236	499	0.292	-0.04	1.052
08:26:26.510800	500	0.29	-0.036	1.052
08:26:26.513364	501	0.292	-0.039	1.055
08:26:26.515928	502	0.292	-0.043	1.055
08:26:26.518492	503	0.288	-0.041	1.052
08:26:26.521056	504	0.292	-0.036	1.055
08:26:26.523620	505	0.293	-0.042	1.056
08:26:26.526184	506	0.292	-0.04	1.051
08:26:26.528748	507	0.295	-0.036	1.049
08:26:26.531312	508	0.296	-0.036	1.055
08:26:26.533876	509	0.292	-0.045	1.051
08:26:26.536440	510	0.292	-0.037	1.055
08:26:26.539004	511	0.293	-0.037	1.051
08:26:26.541568	512	0.296	-0.039	1.057
08:26:26.544132	513	0.296	-0.041	1.052
08:26:26.546696	514	0.296	-0.034	1.055
08:26:26.549260	515	0.293	-0.04	1.055
08:26:26.551824	516	0.296	-0.04	1.052
08:26:26.554388	517	0.29	-0.04	1.052
08:26:26.556952	518	0.295	-0.04	1.059
08:26:26.559516	519	0.292	-0.044	1.055
08:26:26.562080	520	0.293	-0.04	1.055
08:26:26.564644	521	0.296	-0.04	1.057
08:26:26.567208	522	0.288	-0.039	1.059
08:26:26.569772	523	0.287	-0.04	1.049
08:26:26.572336	524	0.292	-0.033	1.057
08:26:26.574900	525	0.292	-0.04	1.055
08:26:26.577464	526	0.292	-0.045	1.059
08:26:26.580028	527	0.288	-0.04	1.048
08:26:26.582592	528	0.296	-0.033	1.057
08:26:26.585156	529	0.292	-0.039	1.055
08:26:26.587720	530	0.288	-0.036	1.052
08:26:26.590284	531	0.288	-0.033	1.054
08:26:26.592848	532	0.297	-0.036	1.055
08:26:26.595412	533	0.296	-0.045	1.06
08:26:26.597976	534	0.29	-0.04	1.052
08:26:26.600540	535	0.296	-0.036	1.052
08:26:26.603104	536	0.29	-0.036	1.052
08:26:26.605668	537	0.29	-0.045	1.054
08:26:26.608232	538	0.288	-0.036	1.054
08:26:26.610796	539	0.296	-0.033	1.055
08:26:26.613360	540	0.297	-0.041	1.057
08:26:26.615924	541	0.293	-0.045	1.056
08:26:26.618488	542	0.29	-0.039	1.055
08:26:26.621052	543	0.288	-0.033	1.056
08:26:26.623616	544	0.292	-0.04	1.054
08:26:26.626180	545	0.289	-0.039	1.055
08:26:26.628744	546	0.289	-0.037	1.054
08:26:26.631308	547	0.292	-0.039	1.056
08:26:26.633872	548	0.295	-0.039	1.052
08:26:26.636436	549	0.296	-0.042	1.055
08:26:26.639000	550	0.289	-0.04	1.054
08:26:26.641564	551	0.296	-0.037	1.059
08:26:26.644128	552	0.292	-0.041	1.054
08:26:26.646692	553	0.292	-0.042	1.055
08:26:26.649256	554	0.292	-0.034	1.054
08:26:26.651820	555	0.288	-0.041	1.049
08:26:26.654384	556	0.293	-0.04	1.052
08:26:26.656948	557	0.296	-0.04	1.056
08:26:26.659512	558	0.295	-0.04	1.055
08:26:26.662076	559	0.292	-0.04	1.052
08:26:26.664640	560	0.296	-0.036	1.052
08:26:26.667204	561	0.293	-0.04	1.057
08:26:26.669768	562	0.29	-0.04	1.052
08:26:26.672332	563	0.296	-0.039	1.055
08:26:26.674896	564	0.3	-0.04	1.057
08:26:26.677460	565	0.289	-0.044	1.056
08:26:26.680024	566	0.289	-0.04	1.051
08:26:26.682588	567	0.296	-0.036	1.055
08:26:26.685152	568	0.296	-0.04	1.055
08:26:26.687716	569	0.288	-0.045	1.057
08:26:26.690280	570	0.288	-0.04	1.048
08:26:26.692844	571	0.301	-0.036	1.055
08:26:26.695408	572	0.292	-0.04	1.054
08:26:26.697972	573	0.292	-0.045	1.054
08:26:26.700536	574	0.292	-0.036	1.048
08:26:26.703100	575	0.298	-0.034	1.055
08:26:26.705664	576	0.295	-0.044	1.056
08:26:26.708228	577	0.288	-0.042	1.049
08:26:26.710792	578	0.295	-0.036	1.048
08:26:26.713356	579	0.292	-0.036	1.055
08:26:26.715920	580	0.294	-0.042	1.052
08:26:26.718484	581	0.288	-0.036	1.054
08:26:26.721048	582	0.296	-0.034	1.052
08:26:26.723612	583	0.295	-0.036	1.055
08:26:26.726176	584	0.292	-0.039	1.055
08:26:26.728740	585	0.29	-0.036	1.056
08:26:26.731304	586	0.292	-0.04	1.052
08:26:26.733868	587	0.298	-0.037	1.059
08:26:26.736432	588	0.295	-0.041	1.055
08:26:26.738996	589	0.288	-0.042	1.052
08:26:26.741560	590	0.296	-0.036	1.048
08:26:26.744124	591	0.296	-0.036	1.056
08:26:26.746688	592	0.292	-0.041	1.059
08:26:26.749252	593	0.292	-0.041	1.055
08:26:26.751816	594	0.296	-0.036	1.052
08:26:26.754380	595	0.298	-0.039	1.055
08:26:26.756944	596	0.292	-0.045	1.048
08:26:26.759508	597	0.292	-0.039	1.052
08:26:26.762072	598	0.292	-0.039	1.052
08:26:26.764636	599	0.295	-0.04	1.055
08:26:26.767200	600	0.292	-0.041	1.048
08:26:26.769764	601	0.296	-0.036	1.054
08:26:26.772328	602	0.292	-0.037	1.051
08:26:26.774892	603	0.292	-0.04	1.052
08:26:26.777456	604	0.292	-0.04	1.052
08:26:26.780020	605	0.296	-0.039	1.059
08:26:26.782584	606	0.292	-0.04	1.051
08:26:26.785148	607	0.292	-0.04	1.052
08:26:26.787712	608	0.292	-0.039	1.052
08:26:26.790276	609	0.296	-0.04	1.054
08:26:26.792840	610	0.295	-0.04	1.052
08:26:26.795404	611	0.301	-0.039	1.056
08:26:26.797968	612	0.292	-0.042	1.055
08:26:26.800532	613	0.292	-0.039	1.055
08:26:26.803096	614	0.295	-0.039	1.052
08:26:26.805660	615	0.295	-0.04	1.052
08:26:26.808224	616	0.292	-0.04	1.054
08:26:26.810788	617	0.296	-0.039	1.057
08:26:26.813352	618	0.295	-0.04	1.056
08:26:26.815916	619	0.293	-0.04	1.055
08:26:26.818480	620	0.295	-0.04	1.054
08:26:26.821044	621	0.295	-0.039	1.054
08:26:26.823608	622	0.292	-0.04	1.054
08:26:26.826172	623	0.296	-0.04	1.055
08:26:26.828736	624	0.296	-0.041	1.055
08:26:26.831300	625	0.293	-0.04	1.055
08:26:26.833864	626	0.296	-0.042	1.059
08:26:26.836428	627	0.292	-0.041	1.054
08:26:26.838992	628	0.29	-0.042	1.055
08:26:26.841556	629	0.292	-0.039	1.054
08:26:26.844120	630	0.292	-0.04	1.052
08:26:26.846684	631	0.289	-0.04	1.049
08:26:26.849248	632	0.288	-0.042	1.055
08:26:26.851812	633	0.29	-0.036	1.055
08:26:26.854376	634	0.3	-0.036	1.057
08:26:26.856940	635	0.29	-0.036	1.057
08:26:26.859504	636	0.288	-0.042	1.055
08:26:26.862068	637	0.292	-0.036	1.056
08:26:26.864632	638	0.296	-0.033	1.055
08:26:26.867196	639	0.29	-0.04	1.052
08:26:26.869760	640	0.295	-0.04	1.049
08:26:26.872324	641	0.301	-0.036	1.055
08:26:26.874888	642	0.295	-0.04	1.054
08:26:26.877452	643	0.295	-0.04	1.054
08:26:26.880016	644	0.29	-0.039	1.054
08:26:26.882580	645	0.296	-0.034	1.052
08:26:26.885144	646	0.288	-0.04	1.049
08:26:26.887708	647	0.29	-0.036	1.048
08:26:26.890272	648	0.296	-0.04	1.055
08:26:26.892836	649	0.295	-0.041	1.056
08:26:26.895400	650	0.292	-0.04	1.052
08:26:26.897964	651	0.292	-0.036	1.052
08:26:26.900528	652	0.292	-0.04	1.052
08:26:26.903092	653	0.292	-0.04	1.052
08:26:26.905656	654	0.292	-0.036	1.052
08:26:26.908220	655	0.296	-0.037	1.054
08:26:26.910784	656	0.292	-0.04	1.056
08:26:26.913348	657	0.292	-0.042	1.057
08:26:26.915912	658	0.29	-0.036	1.055
08:26:26.918476	659	0.29	-0.04	1.049
08:26:26.921040	660	0.296	-0.036	1.055
08:26:26.923604	661	0.29	-0.039	1.055
08:26:26.926168	662	0.292	-0.036	1.052
08:26:26.928732	663	0.292	-0.039	1.051
08:26:26.931296	664	0.298	-0.04	1.056
08:26:26.933860	665	0.293	-0.042	1.052
08:26:26.936424	666	0.293	-0.036	1.054
08:26:26.938988	667	0.295	-0.039	1.052
08:26:26.941552	668	0.296	-0.041	1.056
08:26:26.944116	669	0.292	-0.04	1.052
08:26:26.946680	670	0.292	-0.036	1.059
08:26:26.949244	671	0.292	-0.04	1.056
08:26:26.951808	672	0.293	-0.042	1.055
08:26:26.954372	673	0.295	-0.039	1.052
08:26:26.956936	674	0.296	-0.039	1.055
08:26:26.959500	675	0.296	-0.045	1.055
08:26:26.962064	676	0.292	-0.04	1.054
08:26:26.964628	677	0.292	-0.036	1.055
08:26:26.967192	678	0.292	-0.036	1.055
08:26:26.969756	679	0.29	-0.045	1.049
08:26:26.972320	680	0.293	-0.036	1.055
08:26:26.974884	681	0.29	-0.041	1.051
08:26:26.977448	682	0.296	-0.036	1.055
08:26:26.980012	683	0.293	-0.04	1.052
08:26:26.982576	684	0.292	-0.04	1.055
08:26:26.985140	685	0.29	-0.039	1.049
08:26:26.987704	686	0.296	-0.031	1.055
08:26:26.990268	687	0.293	-0.039	1.054
08:26:26.992832	688	0.293	-0.042	1.054
08:26:26.995396	689	0.295	-0.04	1.049
08:26:26.997960	690	0.296	-0.036	1.055
08:26:27.000524	691	0.29	-0.044	1.055
08:26:27.003088	692	0.29	-0.041	1.056
08:26:27.005652	693	0.29	-0.04	1.051
08:26:27.008216	694	0.295	-0.034	1.054
08:26:27.010780	695	0.292	-0.045	1.052
08:26:27.013344	696	0.295	-0.039	1.057
08:26:27.015908	697	0.3	-0.04	1.057
08:26:27.018472	698	0.296	-0.04	1.055
08:26:27.021036	699	0.292	-0.045	1.054
08:26:27.023600	700	0.296	-0.037	1.059
08:26:27.026164	701	0.295	-0.036	1.055
08:26:27.028728	702	0.29	-0.04	1.055
08:26:27.031292	703	0.292	-0.042	1.055
08:26:27.033856	704	0.298	-0.04	1.06
08:26:27.036420	705	0.293	-0.04	1.056
08:26:27.038984	706	0.292	-0.036	1.055
08:26:27.041548	707	0.296	-0.039	1.059
08:26:27.044112	708	0.292	-0.036	1.059
08:26:27.046676	709	0.288	-0.04	1.052
08:26:27.049240	710	0.292	-0.034	1.055
08:26:27.051804	711	0.295	-0.039	1.055
08:26:27.054368	712	0.295	-0.042	1.055
08:26:27.056932	713	0.292	-0.039	1.054
08:26:27.059496	714	0.296	-0.039	1.052
08:26:27.062060	715	0.292	-0.039	1.055
08:26:27.064624	716	0.293	-0.033	1.052
08:26:27.067188	717	0.293	-0.036	1.051
08:26:27.069752	718	0.292	-0.034	1.052
08:26:27.072316	719	0.296	-0.039	1.056
08:26:27.074880	720	0.292	-0.04	1.056
08:26:27.077444	721	0.296	-0.04	1.054
08:26:27.080008	722	0.296	-0.036	1.055
08:26:27.082572	723	0.292	-0.039	1.059
08:26:27.085136	724	0.289	-0.041	1.049
08:26:27.087700	725	0.292	-0.033	1.052
08:26:27.090264	726	0.292	-0.036	1.059
08:26:27.092828	727	0.295	-0.04	1.063
08:26:27.095392	728	0.292	-0.042	1.052
08:26:27.097956	729	0.296	-0.037	1.056
08:26:27.100520	730	0.296	-0.04	1.054
08:26:27.103084	731	0.292	-0.04	1.055
08:26:27.105648	732	0.288	-0.039	1.051
08:26:27.108212	733	0.296	-0.034	1.059
08:26:27.110776	734	0.296	-0.041	1.059
08:26:27.113340	735	0.29	-0.045	1.055
08:26:27.115904	736	0.292	-0.036	1.052
08:26:27.118468	737	0.292	-0.036	1.054
08:26:27.121032	738	0.292	-0.04	1.059
08:26:27.123596	739	0.288	-0.041	1.055
08:26:27.126160	740	0.292	-0.034	1.048
08:26:27.128724	741	0.296	-0.032	1.057
08:26:27.131288	742	0.29	-0.04	1.052
08:26:27.133852	743	0.292	-0.041	1.052
08:26:27.136416	744	0.295	-0.039	1.051
08:26:27.138980	745	0.296	-0.039	1.055
08:26:27.141544	746	0.292	-0.042	1.054
08:26:27.144108	747	0.295	-0.04	1.055
08:26:27.146672	748	0.292	-0.04	1.055
08:26:27.149236	749	0.292	-0.041	1.054
08:26:27.151800	750	0.292	-0.04	1.055
08:26:27.154364	751	0.29	-0.039	1.057
08:26:27.156928	752	0.288	-0.04	1.056
08:26:27.159492	753	0.292	-0.036	1.052
08:26:27.162056	754	0.292	-0.04	1.054
08:26:27.164620	755	0.288	-0.039	1.056
08:26:27.167184	756	0.29	-0.04	1.052
08:26:27.169748	757	0.297	-0.034	1.059
08:26:27.172312	758	0.296	-0.037	1.055
08:26:27.174876	759	0.288	-0.044	1.055
08:26:27.177440	760	0.289	-0.04	1.048
08:26:27.180004	761	0.298	-0.036	1.056
08:26:27.182568	762	0.296	-0.04	1.054
08:26:27.185132	763	0.295	-0.04	1.055
08:26:27.187696	764	0.292	-0.036	1.055
08:26:27.190260	765	0.297	-0.039	1.063
08:26:27.192824	766	0.288	-0.047	1.056
08:26:27.195388	767	0.292	-0.04	1.055
08:26:27.197952	768	0.296	-0.037	1.052
08:26:27.200516	769	0.298	-0.036	1.055
08:26:27.203080	770	0.292	-0.044	1.048
08:26:27.205644	771	0.288	-0.036	1.052
08:26:27.208208	772	0.296	-0.036	1.052
08:26:27.210772	773	0.297	-0.04	1.062
08:26:27.213336	774	0.292	-0.04	1.054
08:26:27.215900	775	0.295	-0.036	1.055
08:26:27.218464	776	0.295	-0.036	1.052
08:26:27.221028	777	0.296	-0.04	1.055
08:26:27.223592	778	0.289	-0.039	1.052
08:26:27.226156	779	0.292	-0.04	1.052
08:26:27.228720	780	0.295	-0.039	1.054
08:26:27.231284	781	0.296	-0.036	1.059
08:26:27.233848	782	0.288	-0.047	1.054
08:26:27.236412	783	0.292	-0.039	1.049
08:26:27.238976	784	0.293	-0.036	1.055
08:26:27.241540	785	0.296	-0.04	1.057
08:26:27.244104	786	0.289	-0.044	1.055
08:26:27.246668	787	0.289	-0.039	1.052
08:26:27.249232	788	0.296	-0.039	1.055
08:26:27.251796	789	0.293	-0.039	1.055
08:26:27.254360	790	0.292	-0.045	1.054
08:26:27.256924	791	0.296	-0.036	1.055
08:26:27.259488	792	0.296	-0.036	1.057
08:26:27.262052	793	0.296	-0.04	1.057
08:26:27.264616	794	0.295	-0.04	1.052
08:26:27.267180	795	0.296	-0.036	1.055
08:26:27.269744	796	0.296	-0.04	1.059
08:26:27.272308	797	0.292	-0.04	1.056
08:26:27.274872	798	0.296	-0.04	1.055
08:26:27.277436	799	0.296	-0.034	1.055
08:26:27.280000	800	0.295	-0.039	1.055
08:26:27.282564	801	0.29	-0.036	1.054
08:26:27.285128	802	0.293	-0.04	1.055
08:26:27.287692	803	0.292	-0.04	1.052
08:26:27.290256	804	0.297	-0.04	1.054
08:26:27.292820	805	0.297	-0.036	1.056
08:26:27.295384	806	0.292	-0.045	1.057
08:26:27.297948	807	0.29	-0.04	1.051
08:26:27.300512	808	0.296	-0.036	1.054
08:26:27.303076	809	0.292	-0.039	1.055
08:26:27.305640	810	0.292	-0.045	1.052
08:26:27.308204	811	0.296	-0.04	1.052
08:26:27.310768	812	0.298	-0.036	1.057
08:26:27.313332	813	0.292	-0.041	1.055
08:26:27.315896	814	0.29	-0.039	1.051
08:26:27.318460	815	0.296	-0.036	1.049
08:26:27.321024	816	0.296	-0.036	1.059
08:26:27.323588	817	0.292	-0.041	1.054
08:26:27.326152	818	0.29	-0.041	1.055
08:26:27.328716	819	0.298	-0.036	1.056
08:26:27.331280	820	0.296	-0.042	1.055
08:26:27.333844	821	0.295	-0.041	1.051
08:26:27.336408	822	0.296	-0.036	1.054
08:26:27.338972	823	0.292	-0.04	1.059
08:26:27.341536	824	0.293	-0.04	1.059
08:26:27.344100	825	0.29	-0.04	1.052
08:26:27.346664	826	0.296	-0.039	1.055
08:26:27.349228	827	0.296	-0.039	1.059
08:26:27.351792	828	0.292	-0.04	1.055
08:26:27.354356	829	0.292	-0.042	1.052
08:26:27.356920	830	0.296	-0.036	1.055
08:26:27.359484	831	0.292	-0.04	1.051
08:26:27.362048	832	0.293	-0.04	1.055
08:26:27.364612	833	0.293	-0.039	1.055
08:26:27.367176	834	0.294	-0.042	1.056
08:26:27.369740	835	0.295	-0.04	1.055
08:26:27.372304	836	0.296	-0.037	1.052
08:26:27.374868	837	0.29	-0.04	1.054
08:26:27.377432	838	0.295	-0.036	1.055
08:26:27.379996	839	0.29	-0.04	1.052
08:26:27.382560	840	0.293	-0.039	1.056
08:26:27.385124	841	0.292	-0.045	1.055
08:26:27.387688	842	0.29	-0.04	1.054
08:26:27.390252	843	0.301	-0.036	1.052
08:26:27.392816	844	0.296	-0.036	1.056
08:26:27.395380	845	0.29	-0.041	1.052
08:26:27.397944	846	0.292	-0.039	1.052
08:26:27.400508	847	0.292	-0.036	1.054
08:26:27.403072	848	0.295	-0.036	1.059
08:26:27.405636	849	0.292	-0.04	1.054
08:26:27.408200	850	0.296	-0.034	1.049
08:26:27.410764	851	0.298	-0.033	1.055
08:26:27.413328	852	0.296	-0.04	1.052
08:26:27.415892	853	0.293	-0.04	1.052
08:26:27.418456	854	0.298	-0.034	1.054
08:26:27.421020	855	0.296	-0.036	1.059
08:26:27.423584	856	0.29	-0.04	1.054
08:26:27.426148	857	0.292	-0.037	1.055
08:26:27.428712	858	0.296	-0.039	1.063
08:26:27.431276	859	0.29	-0.045	1.056
08:26:27.433840	860	0.292	-0.036	1.052
08:26:27.436404	861	0.296	-0.039	1.056
08:26:27.438968	862	0.298	-0.036	1.059
08:26:27.441532	863	0.295	-0.04	1.055
08:26:27.444096	864	0.295	-0.037	1.056
08:26:27.446660	865	0.292	-0.04	1.052
08:26:27.449224	866	0.292	-0.039	1.055
08:26:27.451788	867	0.292	-0.04	1.054
08:26:27.454352	868	0.292	-0.042	1.052
08:26:27.456916	869	0.296	-0.039	1.054
08:26:27.459480	870	0.295	-0.036	1.054
08:26:27.462044	871	0.292	-0.04	1.055
08:26:27.464608	872	0.288	-0.036	1.054
08:26:27.467172	873	0.292	-0.04	1.056
08:26:27.469736	874	0.292	-0.033	1.059
08:26:27.472300	875	0.29	-0.041	1.052
08:26:27.474864	876	0.295	-0.039	1.056
08:26:27.477428	877	0.296	-0.045	1.056
08:26:27.479992	878	0.292	-0.036	1.052
08:26:27.482556	879	0.292	-0.034	1.056
08:26:27.485120	880	0.292	-0.04	1.055
08:26:27.487684	881	0.292	-0.042	1.056
08:26:27.490248	882	0.292	-0.037	1.055
08:26:27.492812	883	0.296	-0.039	1.056
08:26:27.495376	884	0.293	-0.044	1.055
08:26:27.497940	885	0.293	-0.042	1.054
08:26:27.500504	886	0.295	-0.036	1.048
08:26:27.503068	887	0.292	-0.034	1.052
08:26:27.505632	888	0.292	-0.041	1.049
08:26:27.508196	889	0.295	-0.042	1.055
08:26:27.510760	890	0.293	-0.04	1.055
08:26:27.513324	891	0.29	-0.04	1.055
08:26:27.515888	892	0.292	-0.04	1.049
08:26:27.518452	893	0.296	-0.034	1.052
08:26:27.521016	894	0.292	-0.039	1.051
08:26:27.523580	895	0.296	-0.04	1.054
08:26:27.526144	896	0.295	-0.04	1.049
08:26:27.528708	897	0.292	-0.04	1.057
08:26:27.531272	898	0.288	-0.039	1.055
08:26:27.533836	899	0.292	-0.036	1.052
08:26:27.536400	900	0.292	-0.04	1.055
08:26:27.538964	901	0.296	-0.039	1.06
08:26:27.541528	902	0.289	-0.04	1.054
08:26:27.544092	903	0.29	-0.033	1.052
08:26:27.546656	904	0.295	-0.039	1.055
08:26:27.549220	905	0.29	-0.042	1.059
08:26:27.551784	906	0.288	-0.042	1.049
08:26:27.554348	907	0.295	-0.036	1.055
08:26:27.556912	908	0.295	-0.042	1.055
08:26:27.559476	909	0.29	-0.044	1.056
08:26:27.562040	910	0.288	-0.037	1.047
08:26:27.564604	911	0.297	-0.034	1.059
08:26:27.567168	912	0.292	-0.045	1.057
08:26:27.569732	913	0.296	-0.045	1.06
08:26:27.572296	914	0.289	-0.034	1.048
08:26:27.574860	915	0.292	-0.04	1.055
08:26:27.577424	916	0.289	-0.045	1.048
08:26:27.579988	917	0.303	-0.032	1.072
08:26:27.582552	918	0.279	-0.042	1.048
08:26:27.585116	919	0.281	-0.055	1.048
08:26:27.587680	920	0.29	-0.037	1.057
08:26:27.590244	921	0.322	-0.023	1.071
08:26:27.592808	922	0.338	-0.033	1.062
08:26:27.595372	923	0.272	-0.064	1.039
08:26:27.597936	924	0.25	-0.031	1.049
08:26:27.600500	925	0.269	-0.032	1.054
08:26:27.603064	926	0.335	-0.04	1.056
08:26:27.605628	927	0.32	-0.039	1.055
08:26:27.608192	928	0.269	-0.036	1.054
08:26:27.610756	929	0.26	-0.047	1.055
08:26:27.613320	930	0.317	-0.039	1.052
08:26:27.615884	931	0.322	-0.026	1.065
08:26:27.618448	932	0.282	-0.04	1.048
08:26:27.621012	933	0.272	-0.047	1.048
08:26:27.623576	934	0.305	-0.032	1.047
08:26:27.626140	935	0.304	-0.036	1.059
08:26:27.628704	936	0.282	-0.045	1.063
08:26:27.631268	937	0.292	-0.041	1.052
08:26:27.633832	938	0.296	-0.04	1.044
08:26:27.636396	939	0.292	-0.036	1.059
08:26:27.638960	940	0.285	-0.037	1.057
08:26:27.641524	941	0.301	-0.041	1.054
08:26:27.644088	942	0.292	-0.039	1.04
08:26:27.646652	943	0.277	-0.036	1.062
08:26:27.649216	944	0.305	-0.036	1.07
08:26:27.651780	945	0.308	-0.049	1.055
08:26:27.654344	946	0.281	-0.04	1.055
08:26:27.656908	947	0.272	-0.04	1.059
08:26:27.659472	948	0.314	-0.036	1.063
08:26:27.662036	949	0.3	-0.045	1.048
08:26:27.664600	950	0.276	-0.031	1.055
08:26:27.667164	951	0.293	-0.032	1.048
08:26:27.669728	952	0.312	-0.055	1.052
08:26:27.672292	953	0.296	-0.036	1.065
08:26:27.674856	954	0.269	-0.042	1.055
08:26:27.677420	955	0.296	-0.036	1.054
08:26:27.679984	956	0.305	-0.037	1.047
08:26:27.682548	957	0.28	-0.032	1.054
08:26:27.685112	958	0.279	-0.036	1.055
08:26:27.687676	959	0.306	-0.041	1.059
08:26:27.690240	960	0.319	-0.047	1.056
08:26:27.692804	961	0.282	-0.04	1.054
08:26:27.695368	962	0.281	-0.032	1.048
08:26:27.697932	963	0.305	-0.036	1.047
08:26:27.700496	964	0.297	-0.036	1.048
08:26:27.703060	965	0.276	-0.034	1.054
08:26:27.705624	966	0.292	-0.039	1.062
08:26:27.708188	967	0.313	-0.047	1.063
08:26:27.710752	968	0.301	-0.042	1.056
08:26:27.713316	969	0.274	-0.036	1.047
08:26:27.715880	970	0.288	-0.033	1.048
08:26:27.718444	971	0.308	-0.04	1.055
08:26:27.721008	972	0.296	-0.04	1.056
08:26:27.723572	973	0.285	-0.04	1.054
08:26:27.726136	974	0.303	-0.045	1.055
08:26:27.728700	975	0.303	-0.045	1.063
08:26:27.731264	976	0.28	-0.04	1.048
08:26:27.733828	977	0.282	-0.032	1.049
08:26:27.736392	978	0.296	-0.034	1.052
08:26:27.738956	979	0.301	-0.04	1.055
08:26:27.741520	980	0.288	-0.042	1.055
08:26:27.744084	981	0.298	-0.039	1.055
08:26:27.746648	982	0.305	-0.045	1.06
08:26:27.749212	983	0.293	-0.042	1.055
08:26:27.751776	984	0.282	-0.04	1.056
08:26:27.754340	985	0.288	-0.034	1.054
08:26:27.756904	986	0.296	-0.039	1.052
08:26:27.759468	987	0.29	-0.039	1.055
08:26:27.762032	988	0.288	-0.04	1.059
08:26:27.764596	989	0.3	-0.04	1.055
08:26:27.767160	990	0.301	-0.041	1.055
08:26:27.769724	991	0.292	-0.039	1.055
08:26:27.772288	992	0.288	-0.04	1.055
08:26:27.774852	993	0.296	-0.039	1.048
08:26:27.777416	994	0.297	-0.033	1.055
08:26:27.779980	995	0.29	-0.044	1.054
08:26:27.782544	996	0.292	-0.045	1.054
08:26:27.785108	997	0.295	-0.04	1.052
08:26:27.787672	998	0.296	-0.04	1.059
08:26:27.790236	999	0.292	-0.045	1.056
08:26:27.792800	1000	0.289	-0.039	1.052
08:26:27.795364	1001	0.289	-0.036	1.054
08:26:27.797928	1002	0.296	-0.04	1.057
08:26:27.800492	1003	0.29	-0.047	1.048
08:26:27.803056	1004	0.293	-0.036	1.048
08:26:27.805620	1005	0.296	-0.04	1.055
08:26:27.808184	1006	0.293	-0.042	1.057
08:26:27.810748	1007	0.292	-0.04	1.049
08:26:27.813312	1008	0.292	-0.032	1.051
08:26:27.815876	1009	0.295	-0.036	1.048
08:26:27.818440	1010	0.296	-0.044	1.055
08:26:27.821004	1011	0.292	-0.045	1.055
08:26:27.823568	1012	0.296	-0.036	1.059
08:26:27.826132	1013	0.292	-0.04	1.056
08:26:27.828696	1014	0.292	-0.04	1.054
08:26:27.831260	1015	0.289	-0.039	1.046
08:26:27.833824	1016	0.292	-0.034	1.052
08:26:27.836388	1017	0.292	-0.041	1.048
08:26:27.838952	1018	0.301	-0.04	1.054
08:26:27.841516	1019	0.297	-0.04	1.055
08:26:27.844080	1020	0.295	-0.04	1.059
08:26:27.846644	1021	0.292	-0.036	1.051
08:26:27.849208	1022	0.29	-0.036	1.054
08:26:27.851772	1023	0.288	-0.039	1.054
08:26:27.854336	1024	0.295	-0.041	1.055
