timestamp	readout	x	y	z
10:36:01.350292	1	4125.0	-687.0	-687.0
10:36:01.353295	2	4250.0	-625.0	-812.0
10:36:01.356298	3	4375.0	-812.0	-625.0
10:36:01.359301	4	4187.0	-812.0	-875.0
10:36:01.362304	5	4375.0	-750.0	-1187.0
10:36:01.365307	6	4187.0	-687.0	-750.0
10:36:01.368310	7	4187.0	-750.0	-812.0
10:36:01.371313	8	4250.0	-562.0	-687.0
10:36:01.374316	9	4187.0	-562.0	-562.0
10:36:01.377319	10	4125.0	-812.0	-812.0
10:36:01.380322	11	4187.0	-625.0	-750.0
10:36:01.383325	12	4375.0	-812.0	-812.0
10:36:01.386328	13	4187.0	-750.0	-812.0
10:36:01.389331	14	4187.0	-812.0	-812.0
10:36:01.392334	15	4312.0	-687.0	-625.0
10:36:01.395337	16	4250.0	-625.0	-562.0
10:36:01.398340	17	4187.0	-937.0	-875.0
10:36:01.401343	18	4187.0	-687.0	-875.0
10:36:01.404346	19	4250.0	-937.0	-812.0
10:36:01.407349	20	4062.0	-812.0	-687.0
10:36:01.410352	21	4437.0	-812.0	-812.0
10:36:01.413355	22	4250.0	-687.0	-875.0
10:36:01.416358	23	4187.0	-750.0	-812.0
10:36:01.419361	24	4187.0	-625.0	-875.0
10:36:01.422364	25	4125.0	-812.0	-875.0
10:36:01.425367	26	4250.0	-687.0	-812.0
10:36:01.428370	27	4187.0	-625.0	-562.0
10:36:01.431373	28	4250.0	-687.0	-1125.0
10:36:01.434376	29	4312.0	-750.0	-750.0
10:36:01.437379	30	4312.0	-687.0	-812.0
10:36:01.440382	31	4187.0	-687.0	-687.0
10:36:01.443385	32	4250.0	-687.0	-750.0
10:36:01.446388	33	4250.0	-875.0	-937.0
10:36:01.449391	34	4187.0	-750.0	-1062.0
10:36:01.452394	35	4187.0	-562.0	-1125.0
10:36:01.455397	36	4187.0	-812.0	-937.0
10:36:01.458400	37	4125.0	-812.0	-937.0
10:36:01.461403	38	4250.0	-687.0	-1000.0
10:36:01.464406	39	4375.0	-750.0	-687.0
10:36:01.467409	40	4250.0	-687.0	-250.0
10:36:01.470412	41	4250.0	-875.0	-562.0
10:36:01.473415	42	4312.0	-750.0	-687.0
10:36:01.476418	43	4125.0	-687.0	-562.0
10:36:01.479421	44	4312.0	-812.0	-875.0
10:36:01.482424	45	4250.0	-875.0	-1250.0
10:36:01.485427	46	4250.0	-687.0	-937.0
10:36:01.488430	47	4250.0	-687.0	-500.0
10:36:01.491433	48	4250.0	-687.0	-812.0
10:36:01.494436	49	4375.0	-812.0	-1125.0
10:36:01.497439	50	4187.0	-750.0	-937.0
10:36:01.500442	51	4250.0	-500.0	-812.0
10:36:01.503445	52	4187.0	-812.0	-1125.0
10:36:01.506448	53	4250.0	-937.0	-437.0
10:36:01.509451	54	4000.0	-812.0	-875.0
10:36:01.512454	55	4250.0	-625.0	-875.0
10:36:01.515457	56	4187.0	-750.0	-937.0
10:36:01.518460	57	4250.0	-750.0	-937.0
10:36:01.521463	58	4250.0	-812.0	-875.0
10:36:01.524466	59	4312.0	-812.0	-687.0
10:36:01.527469	60	4375.0	-750.0	-750.0
10:36:01.530472	61	4250.0	-812.0	-1125.0
10:36:01.533475	62	4125.0	-687.0	-875.0
10:36:01.536478	63	4250.0	-687.0	-750.0
10:36:01.539481	64	4250.0	-687.0	-687.0
10:36:01.542484	65	4250.0	-812.0	-812.0
10:36:01.545487	66	4250.0	-687.0	-1000.0
10:36:01.548490	67	4250.0	-812.0	-500.0
10:36:01.551493	68	4250.0	-625.0	-1000.0
10:36:01.554496	69	4125.0	-812.0	-937.0
10:36:01.557499	70	4312.0	-937.0	-1062.0
10:36:01.560502	71	4187.0	-687.0	-1187.0
10:36:01.563505	72	4250.0	-687.0	-1062.0
10:36:01.566508	73	4187.0	-687.0	-562.0
10:36:01.569511	74	4187.0	-875.0	-1000.0
10:36:01.572514	75	4250.0	-625.0	-875.0
10:36:01.575517	76	4187.0	-687.0	-812.0
10:36:01.578520	77	4250.0	-750.0	-562.0
10:36:01.581523	78	4125.0	-625.0	-812.0
10:36:01.584526	79	4250.0	-687.0	-562.0
10:36:01.587529	80	4312.0	-750.0	-750.0
10:36:01.590532	81	4312.0	-750.0	-875.0
10:36:01.593535	82	4250.0	-687.0	-750.0
10:36:01.596538	83	4187.0	-937.0	-937.0
10:36:01.599541	84	4250.0	-875.0	-437.0
10:36:01.602544	85	4250.0	-750.0	-1062.0
10:36:01.605547	86	4250.0	-937.0	-875.0
10:36:01.608550	87	4250.0	-687.0	-1000.0
10:36:01.611553	88	4312.0	-562.0	-687.0
10:36:01.614556	89	4312.0	-937.0	-812.0
10:36:01.617559	90	4250.0	-875.0	-687.0
10:36:01.620562	91	4250.0	-750.0	-812.0
10:36:01.623565	92	4250.0	-750.0	-437.0
10:36:01.626568	93	4250.0	-812.0	-437.0
10:36:01.629571	94	4187.0	-625.0	-812.0
10:36:01.632574	95	4312.0	-500.0	-1000.0
10:36:01.635577	96	4187.0	-687.0	-625.0
10:36:01.638580	97	4250.0	-625.0	-875.0
10:36:01.641583	98	4250.0	-687.0	-812.0
10:36:01.644586	99	4312.0	-687.0	-687.0
10:36:01.647589	100	4437.0	-812.0	-500.0
10:36:01.650592	101	4250.0	-625.0	-812.0
10:36:01.653595	102	4250.0	-875.0	-1000.0
10:36:01.656598	103	4187.0	-875.0	-562.0
10:36:01.659601	104	4187.0	-625.0	-875.0
10:36:01.662604	105	4250.0	-687.0	-687.0
10:36:01.665607	106	4250.0	-1000.0	-687.0
10:36:01.668610	107	4187.0	-1000.0	-687.0
10:36:01.671613	108	4250.0	-750.0	-875.0
10:36:01.674616	109	4187.0	-812.0	-625.0
10:36:01.677619	110	4312.0	-875.0	-1000.0
10:36:01.680622	111	4187.0	-750.0	-1000.0
10:36:01.683625	112	4125.0	-750.0	-875.0
10:36:01.686628	113	4375.0	-937.0	-812.0
10:36:01.689631	114	4250.0	-625.0	-937.0
10:36:01.692634	115	4125.0	-625.0	-625.0
10:36:01.695637	116	4187.0	-875.0	-562.0
10:36:01.698640	117	4187.0	-625.0	-1000.0
10:36:01.701643	118	4125.0	-750.0	-562.0
10:36:01.704646	119	4250.0	-875.0	-562.0
10:36:01.707649	120	4375.0	-750.0	-875.0
10:36:01.710652	121	4250.0	-625.0	-812.0
10:36:01.713655	122	4250.0	-750.0	-875.0
10:36:01.716658	123	4250.0	-1062.0	-750.0
10:36:01.719661	124	4250.0	-687.0	-750.0
10:36:01.722664	125	4250.0	-750.0	-750.0
10:36:01.725667	126	4375.0	-750.0	-937.0
10:36:01.728670	127	4250.0	-812.0	-875.0
10:36:01.731673	128	4312.0	-625.0	-875.0
10:36:01.734676	129	4312.0	-875.0	-437.0
10:36:01.737679	130	4187.0	-750.0	-1125.0
10:36:01.740682	131	4375.0	-687.0	-750.0
10:36:01.743685	132	4375.0	-812.0	-500.0
10:36:01.746688	133	4187.0	-750.0	-875.0
10:36:01.749691	134	4250.0	-562.0	-875.0
10:36:01.752694	135	4187.0	-750.0	-500.0
10:36:01.755697	136	4250.0	-875.0	-750.0
10:36:01.758700	137	4250.0	-750.0	-437.0
10:36:01.761703	138	4375.0	-812.0	-687.0
10:36:01.764706	139	4437.0	-750.0	-812.0
10:36:01.767709	140	4312.0	-875.0	-1125.0
10:36:01.770712	141	4250.0	-687.0	-812.0
10:36:01.773715	142	4250.0	-812.0	-750.0
10:36:01.776718	143	4062.0	-1000.0	-1062.0
10:36:01.779721	144	4312.0	-812.0	-1125.0
10:36:01.782724	145	4375.0	-812.0	-875.0
10:36:01.785727	146	4312.0	-750.0	-937.0
10:36:01.788730	147	4187.0	-812.0	-875.0
10:36:01.791733	148	4250.0	-562.0	-750.0
10:36:01.794736	149	4250.0	-812.0	-562.0
10:36:01.797739	150	4250.0	-812.0	-812.0
10:36:01.800742	151	4250.0	-1000.0	-1000.0
10:36:01.803745	152	4312.0	-687.0	-562.0
10:36:01.806748	153	4250.0	-1000.0	-1000.0
10:36:01.809751	154	4187.0	-687.0	-562.0
10:36:01.812754	155	4125.0	-875.0	-750.0
10:36:01.815757	156	4250.0	-937.0	-750.0
10:36:01.818760	157	4375.0	-750.0	-1000.0
10:36:01.821763	158	4187.0	-875.0	-687.0
10:36:01.824766	159	4187.0	-937.0	-687.0
10:36:01.827769	160	4250.0	-812.0	-500.0
10:36:01.830772	161	4375.0	-625.0	-1250.0
10:36:01.833775	162	4375.0	-812.0	-875.0
10:36:01.836778	163	4250.0	-937.0	-875.0
10:36:01.839781	164	4312.0	-812.0	-1000.0
10:36:01.842784	165	4375.0	-687.0	-687.0
10:36:01.845787	166	4250.0	-875.0	-687.0
10:36:01.848790	167	4375.0	-812.0	-687.0
10:36:01.851793	168	4312.0	-750.0	-1000.0
10:36:01.854796	169	4375.0	-812.0	-750.0
10:36:01.857799	170	4187.0	-625.0	-750.0
10:36:01.860802	171	4187.0	-687.0	-875.0
10:36:01.863805	172	4187.0	-812.0	-437.0
10:36:01.866808	173	4250.0	-875.0	-687.0
10:36:01.869811	174	4375.0	-687.0	-687.0
10:36:01.872814	175	4312.0	-812.0	-625.0
10:36:01.875817	176	4187.0	-875.0	-437.0
10:36:01.878820	177	4312.0	-625.0	-687.0
10:36:01.881823	178	4375.0	-750.0	-812.0
10:36:01.884826	179	4250.0	-812.0	-437.0
10:36:01.887829	180	4312.0	-812.0	-687.0
10:36:01.890832	181	4250.0	-875.0	-750.0
10:36:01.893835	182	4250.0	-812.0	-562.0
10:36:01.896838	183	4250.0	-687.0	-1000.0
10:36:01.899841	184	4250.0	-687.0	-875.0
10:36:01.902844	185	4375.0	-812.0	-812.0
10:36:01.905847	186	4375.0	-687.0	-625.0
10:36:01.908850	187	4250.0	-562.0	-812.0
10:36:01.911853	188	4437.0	-750.0	-625.0
10:36:01.914856	189	4250.0	-875.0	-562.0
10:36:01.917859	190	4312.0	-687.0	-875.0
10:36:01.920862	191	4312.0	-875.0	-1000.0
10:36:01.923865	192	4250.0	-937.0	-750.0
10:36:01.926868	193	4312.0	-812.0	-562.0
10:36:01.929871	194	4312.0	-812.0	-812.0
10:36:01.932874	195	4187.0	-812.0	-750.0
10:36:01.935877	196	4375.0	-875.0	-937.0
10:36:01.938880	197	4250.0	-750.0	-1062.0
10:36:01.941883	198	4312.0	-875.0	-750.0
10:36:01.944886	199	4250.0	-875.0	-437.0
10:36:01.947889	200	4250.0	-812.0	-500.0
10:36:01.950892	201	4250.0	-750.0	-875.0
10:36:01.953895	202	4312.0	-812.0	-687.0
10:36:01.956898	203	4312.0	-500.0	-687.0
10:36:01.959901	204	4312.0	-687.0	-750.0
10:36:01.962904	205	4250.0	-750.0	-687.0
10:36:01.965907	206	4312.0	-750.0	-500.0
10:36:01.968910	207	4312.0	-687.0	-625.0
10:36:01.971913	208	4250.0	-812.0	-1187.0
10:36:01.974916	209	4250.0	-937.0	-875.0
10:36:01.977919	210	4312.0	-750.0	-1062.0
10:36:01.980922	211	4312.0	-687.0	-625.0
10:36:01.983925	212	4187.0	-937.0	-687.0
10:36:01.986928	213	4187.0	-750.0	-1062.0
10:36:01.989931	214	4250.0	-750.0	-875.0
10:36:01.992934	215	4187.0	-875.0	-750.0
10:36:01.995937	216	4187.0	-687.0	-875.0
10:36:01.998940	217	4375.0	-812.0	-1000.0
10:36:02.001943	218	4437.0	-625.0	-687.0
10:36:02.004946	219	4187.0	-812.0	-562.0
10:36:02.007949	220	4312.0	-750.0	-625.0
10:36:02.010952	221	4125.0	-937.0	-750.0
10:36:02.013955	222	4375.0	-812.0	-812.0
10:36:02.016958	223	4187.0	-687.0	-1000.0
10:36:02.019961	224	4250.0	-750.0	-687.0
10:36:02.022964	225	4250.0	-1062.0	-687.0
10:36:02.025967	226	4437.0	-812.0	-687.0
10:36:02.028970	227	4375.0	-687.0	-875.0
10:36:02.031973	228	4375.0	-875.0	-500.0
10:36:02.034976	229	4187.0	-687.0	-687.0
10:36:02.037979	230	4312.0	-750.0	-687.0
10:36:02.040982	231	4250.0	-687.0	-562.0
10:36:02.043985	232	4375.0	-687.0	-625.0
10:36:02.046988	233	4250.0	-812.0	-812.0
10:36:02.049991	234	4250.0	-625.0	-687.0
10:36:02.052994	235	4312.0	-812.0	-750.0
10:36:02.055997	236	4312.0	-875.0	-937.0
10:36:02.059000	237	4375.0	-750.0	-875.0
10:36:02.062003	238	4375.0	-812.0	-875.0
10:36:02.065006	239	4312.0	-750.0	-687.0
10:36:02.068009	240	4187.0	-750.0	-937.0
10:36:02.071012	241	4250.0	-750.0	-687.0
10:36:02.074015	242	4312.0	-812.0	-750.0
10:36:02.077018	243	4312.0	-625.0	-812.0
10:36:02.080021	244	4375.0	-750.0	-812.0
10:36:02.083024	245	4312.0	-812.0	-500.0
10:36:02.086027	246	4187.0	-812.0	-875.0
10:36:02.089030	247	4375.0	-750.0	-625.0
10:36:02.092033	248	4187.0	-875.0	-625.0
10:36:02.095036	249	4187.0	-875.0	-1125.0
10:36:02.098039	250	4312.0	-875.0	-1125.0
10:36:02.101042	251	4312.0	-812.0	-812.0
10:36:02.104045	252	4250.0	-812.0	-625.0
10:36:02.107048	253	4250.0	-687.0	-875.0
10:36:02.110051	254	4250.0	-750.0	-875.0
10:36:02.113054	255	4250.0	-812.0	-562.0
10:36:02.116057	256	4250.0	-625.0	-937.0
10:36:02.119060	257	4187.0	-687.0	-1125.0
10:36:02.122063	258	4250.0	-812.0	-562.0
10:36:02.125066	259	4312.0	-812.0	-562.0
10:36:02.128069	260	4375.0	-812.0	-750.0
10:36:02.131072	261	4187.0	-812.0	-750.0
10:36:02.134075	262	4187.0	-875.0	-1125.0
10:36:02.137078	263	4375.0	-812.0	-875.0
10:36:02.140081	264	4187.0	-687.0	-875.0
10:36:02.143084	265	4250.0	-875.0	-500.0
10:36:02.146087	266	4125.0	-812.0	-1187.0
10:36:02.149090	267	4250.0	-625.0	-437.0
10:36:02.152093	268	4250.0	-687.0	-437.0
10:36:02.155096	269	4312.0	-687.0	-687.0
10:36:02.158099	270	4250.0	-687.0	-875.0
10:36:02.161102	271	4375.0	-625.0	-437.0
10:36:02.164105	272	4375.0	-812.0	-750.0
10:36:02.167108	273	4250.0	-750.0	-687.0
10:36:02.170111	274	4125.0	-687.0	-875.0
10:36:02.173114	275	4375.0	-687.0	-1062.0
10:36:02.176117	276	4250.0	-625.0	-1125.0
10:36:02.179120	277	4187.0	-812.0	-687.0
10:36:02.182123	278	4125.0	-937.0	-750.0
10:36:02.185126	279	4312.0	-625.0	-750.0
10:36:02.188129	280	4375.0	-687.0	-687.0
10:36:02.191132	281	4250.0	-875.0	-812.0
10:36:02.194135	282	4187.0	-875.0	-562.0
10:36:02.197138	283	4375.0	-812.0	-687.0
10:36:02.200141	284	4250.0	-812.0	-687.0
10:36:02.203144	285	4187.0	-750.0	-750.0
10:36:02.206147	286	4062.0	-750.0	-750.0
10:36:02.209150	287	4312.0	-625.0	-937.0
10:36:02.212153	288	4375.0	-812.0	-875.0
10:36:02.215156	289	4250.0	-812.0	-812.0
10:36:02.218159	290	4187.0	-750.0	-1062.0
10:36:02.221162	291	4187.0	-750.0	-812.0
10:36:02.224165	292	4187.0	-812.0	-875.0
10:36:02.227168	293	4500.0	-562.0	-312.0
10:36:02.230171	294	4250.0	-687.0	-875.0
10:36:02.233174	295	4375.0	-750.0	-562.0
10:36:02.236177	296	4375.0	-687.0	-1000.0
10:36:02.239180	297	4437.0	-812.0	-687.0
10:36:02.242183	298	4312.0	-1062.0	-750.0
10:36:02.245186	299	4125.0	-875.0	-1000.0
10:36:02.248189	300	4375.0	-625.0	-625.0
10:36:02.251192	301	4250.0	-812.0	-1000.0
10:36:02.254195	302	4187.0	-937.0	-687.0
10:36:02.257198	303	4062.0	-812.0	-1125.0
10:36:02.260201	304	4250.0	-750.0	-562.0
10:36:02.263204	305	4250.0	-812.0	-750.0
10:36:02.266207	306	4312.0	-875.0	-687.0
10:36:02.269210	307	4375.0	-750.0	-1062.0
10:36:02.272213	308	4437.0	-750.0	-562.0
10:36:02.275216	309	4250.0	-812.0	-500.0
10:36:02.278219	310	4312.0	-687.0	-1000.0
10:36:02.281222	311	4250.0	-812.0	-750.0
10:36:02.284225	312	4250.0	-875.0	-687.0
10:36:02.287228	313	4437.0	-812.0	-750.0
10:36:02.290231	314	4250.0	-687.0	-875.0
10:36:02.293234	315	4187.0	-1000.0	-1187.0
10:36:02.296237	316	4187.0	-812.0	-1000.0
10:36:02.299240	317	4250.0	-625.0	-937.0
10:36:02.302243	318	4125.0	-812.0	-687.0
10:36:02.305246	319	4250.0	-812.0	-750.0
10:36:02.308249	320	4312.0	-687.0	-750.0
10:36:02.311252	321	4312.0	-812.0	-687.0
10:36:02.314255	322	4125.0	-1062.0	-875.0
10:36:02.317258	323	4312.0	-812.0	-1312.0
10:36:02.320261	324	4312.0	-562.0	-562.0
10:36:02.323264	325	4375.0	-687.0	-687.0
10:36:02.326267	326	4187.0	-562.0	-500.0
10:36:02.329270	327	4187.0	-812.0	-937.0
10:36:02.332273	328	4062.0	-812.0	-687.0
10:36:02.335276	329	4187.0	-687.0	-1000.0
10:36:02.338279	330	4250.0	-687.0	-1062.0
10:36:02.341282	331	4250.0	-1000.0	-812.0
10:36:02.344285	332	4375.0	-687.0	-937.0
10:36:02.347288	333	4375.0	-750.0	-875.0
10:36:02.350291	334	4250.0	-812.0	-812.0
10:36:02.353294	335	4187.0	-875.0	-687.0
10:36:02.356297	336	4125.0	-750.0	-1187.0
10:36:02.359300	337	4437.0	-625.0	-625.0
10:36:02.362303	338	4250.0	-812.0	-625.0
10:36:02.365306	339	4250.0	-750.0	-750.0
10:36:02.368309	340	4187.0	-687.0	-1000.0
10:36:02.371312	341	4187.0	-750.0	-1125.0
10:36:02.374315	342	4187.0	-625.0	-1187.0
10:36:02.377318	343	4312.0	-812.0	-1187.0
10:36:02.380321	344	4250.0	-687.0	-937.0
10:36:02.383324	345	4312.0	-875.0	-875.0
10:36:02.386327	346	4250.0	-687.0	-562.0
10:36:02.389330	347	4250.0	-812.0	-562.0
10:36:02.392333	348	4187.0	-875.0	-875.0
10:36:02.395336	349	4250.0	-750.0	-1000.0
10:36:02.398339	350	4250.0	-562.0	-562.0
10:36:02.401342	351	4125.0	-750.0	-687.0
10:36:02.404345	352	4312.0	-812.0	-1000.0
10:36:02.407348	353	4312.0	-687.0	-812.0
10:36:02.410351	354	4250.0	-812.0	-875.0
10:36:02.413354	355	4125.0	-937.0	-1000.0
10:36:02.416357	356	4187.0	-687.0	-1000.0
10:36:02.419360	357	4187.0	-812.0	-1187.0
10:36:02.422363	358	4187.0	-687.0	-687.0
10:36:02.425366	359	4250.0	-625.0	-875.0
10:36:02.428369	360	4375.0	-812.0	-875.0
10:36:02.431372	361	4375.0	-937.0	-1062.0
10:36:02.434375	362	4187.0	-750.0	-812.0
10:36:02.437378	363	4375.0	-750.0	-875.0
10:36:02.440381	364	4125.0	-875.0	-687.0
10:36:02.443384	365	4187.0	-812.0	-875.0
10:36:02.446387	366	4312.0	-562.0	-875.0
10:36:02.449390	367	4250.0	-812.0	-812.0
10:36:02.452393	368	4187.0	-937.0	-937.0
10:36:02.455396	369	4187.0	-562.0	-625.0
10:36:02.458399	370	4312.0	-750.0	-625.0
10:36:02.461402	371	4250.0	-812.0	-1000.0
10:36:02.464405	372	4312.0	-875.0	-625.0
10:36:02.467408	373	4187.0	-625.0	-875.0
10:36:02.470411	374	4250.0	-625.0	-625.0
10:36:02.473414	375	4187.0	-812.0	-750.0
10:36:02.476417	376	4187.0	-687.0	-750.0
10:36:02.479420	377	4312.0	-625.0	-875.0
10:36:02.482423	378	4437.0	-812.0	-500.0
10:36:02.485426	379	4187.0	-687.0	-875.0
10:36:02.488429	380	4187.0	-625.0	-937.0
10:36:02.491432	381	4187.0	-750.0	-562.0
10:36:02.494435	382	4250.0	-812.0	-687.0
10:36:02.497438	383	4187.0	-812.0	-937.0
10:36:02.500441	384	4187.0	-937.0	-687.0
10:36:02.503444	385	4312.0	-750.0	-1062.0
10:36:02.506447	386	4250.0	-687.0	-812.0
10:36:02.509450	387	4187.0	-750.0	-687.0
10:36:02.512453	388	4312.0	-937.0	-750.0
10:36:02.515456	389	4312.0	-687.0	-875.0
10:36:02.518459	390	4375.0	-625.0	-437.0
10:36:02.521462	391	4250.0	-625.0	-687.0
10:36:02.524465	392	4125.0	-812.0	-937.0
10:36:02.527468	393	4187.0	-562.0	-625.0
10:36:02.530471	394	4250.0	-812.0	-687.0
10:36:02.533474	395	4187.0	-625.0	-1062.0
10:36:02.536477	396	4312.0	-687.0	-1187.0
10:36:02.539480	397	4187.0	-875.0	-812.0
10:36:02.542483	398	4250.0	-687.0	-750.0
10:36:02.545486	399	4250.0	-500.0	-875.0
10:36:02.548489	400	4250.0	-937.0	-562.0
10:36:02.551492	401	4250.0	-812.0	-562.0
10:36:02.554495	402	4312.0	-625.0	-875.0
10:36:02.557498	403	4312.0	-562.0	-937.0
10:36:02.560501	404	4312.0	-875.0	-750.0
10:36:02.563504	405	4187.0	-750.0	-750.0
10:36:02.566507	406	4250.0	-687.0	-812.0
10:36:02.569510	407	4187.0	-875.0	-937.0
10:36:02.572513	408	4062.0	-875.0	-875.0
10:36:02.575516	409	4187.0	-562.0	-1187.0
10:36:02.578519	410	4187.0	-812.0	-687.0
10:36:02.581522	411	4250.0	-812.0	-625.0
10:36:02.584525	412	4312.0	-625.0	-1000.0
10:36:02.587528	413	4187.0	-812.0	-1000.0
10:36:02.590531	414	4437.0	-812.0	-562.0
10:36:02.593534	415	4250.0	-750.0	-1000.0
10:36:02.596537	416	4250.0	-625.0	-1125.0
10:36:02.599540	417	4250.0	-875.0	-750.0
10:36:02.602543	418	4250.0	-625.0	-812.0
10:36:02.605546	419	4250.0	-625.0	-500.0
10:36:02.608549	420	4312.0	-875.0	-687.0
10:36:02.611552	421	4125.0	-625.0	-1000.0
10:36:02.614555	422	4125.0	-687.0	-1062.0
10:36:02.617558	423	4187.0	-750.0	-625.0
10:36:02.620561	424	4250.0	-687.0	-562.0
10:36:02.623564	425	4250.0	-750.0	-1000.0
10:36:02.626567	426	4250.0	-625.0	-687.0
10:36:02.629570	427	4187.0	-625.0	-687.0
10:36:02.632573	428	4375.0	-812.0	-750.0
10:36:02.635576	429	4312.0	-687.0	-875.0
10:36:02.638579	430	4437.0	-625.0	-687.0
10:36:02.641582	431	4312.0	-562.0	-875.0
10:36:02.644585	432	4250.0	-625.0	-937.0
10:36:02.647588	433	4312.0	-687.0	-937.0
10:36:02.650591	434	4250.0	-937.0	-625.0
10:36:02.653594	435	4187.0	-812.0	-1125.0
10:36:02.656597	436	4250.0	-750.0	-687.0
10:36:02.659600	437	4187.0	-812.0	-875.0
10:36:02.662603	438	4062.0	-875.0	-937.0
10:36:02.665606	439	4375.0	-625.0	-812.0
10:36:02.668609	440	4437.0	-687.0	-875.0
10:36:02.671612	441	4250.0	-937.0	-750.0
10:36:02.674615	442	4250.0	-625.0	-875.0
10:36:02.677618	443	4250.0	-812.0	-937.0
10:36:02.680621	444	4375.0	-812.0	-562.0
10:36:02.683624	445	4375.0	-625.0	-1000.0
10:36:02.686627	446	4250.0	-750.0	-875.0
10:36:02.689630	447	4250.0	-812.0	-687.0
10:36:02.692633	448	4250.0	-625.0	-875.0
10:36:02.695636	449	4062.0	-750.0	-1000.0
10:36:02.698639	450	4187.0	-812.0	-375.0
10:36:02.701642	451	4187.0	-562.0	-875.0
10:36:02.704645	452	4062.0	-625.0	-875.0
10:36:02.707648	453	4312.0	-812.0	-750.0
10:36:02.710651	454	4250.0	-937.0	-937.0
10:36:02.713654	455	4312.0	-812.0	-1000.0
10:36:02.716657	456	4312.0	-625.0	-562.0
10:36:02.719660	457	4125.0	-750.0	-500.0
10:36:02.722663	458	4250.0	-875.0	-937.0
10:36:02.725666	459	4250.0	-687.0	-1000.0
10:36:02.728669	460	4187.0	-750.0	-437.0
10:36:02.731672	461	4187.0	-625.0	-937.0
10:36:02.734675	462	4125.0	-750.0	-1187.0
10:36:02.737678	463	4250.0	-625.0	-875.0
10:36:02.740681	464	4437.0	-812.0	-875.0
10:36:02.743684	465	4250.0	-687.0	-812.0
10:36:02.746687	466	4250.0	-750.0	-937.0
10:36:02.749690	467	4187.0	-750.0	-750.0
10:36:02.752693	468	4250.0	-750.0	-562.0
10:36:02.755696	469	4250.0	-562.0	-750.0
10:36:02.758699	470	4250.0	-937.0	-500.0
10:36:02.761702	471	4250.0	-875.0	-1000.0
10:36:02.764705	472	4312.0	-812.0	-812.0
10:36:02.767708	473	4187.0	-812.0	-937.0
10:36:02.770711	474	4125.0	-750.0	-1062.0
10:36:02.773714	475	4250.0	-687.0	-937.0
10:36:02.776717	476	4250.0	-625.0	-1000.0
10:36:02.779720	477	4187.0	-625.0	-562.0
10:36:02.782723	478	4187.0	-687.0	-1062.0
10:36:02.785726	479	4187.0	-437.0	-1125.0
10:36:02.788729	480	4250.0	-812.0	-812.0
10:36:02.791732	481	4250.0	-562.0	-875.0
10:36:02.794735	482	4250.0	-625.0	-937.0
10:36:02.797738	483	4312.0	-625.0	-500.0
10:36:02.800741	484	4125.0	-812.0	-625.0
10:36:02.803744	485	4250.0	-625.0	-812.0
10:36:02.806747	486	4375.0	-812.0	-562.0
10:36:02.809750	487	4125.0	-625.0	-1125.0
10:36:02.812753	488	4250.0	-687.0	-937.0
10:36:02.815756	489	4187.0	-687.0	-500.0
10:36:02.818759	490	4250.0	-875.0	-562.0
10:36:02.821762	491	4125.0	-875.0	-687.0
10:36:02.824765	492	4375.0	-687.0	-875.0
10:36:02.827768	493	4187.0	-750.0	-1000.0
10:36:02.830771	494	4187.0	-687.0	-937.0
10:36:02.833774	495	4250.0	-750.0	-1062.0
10:36:02.836777	496	4250.0	-625.0	-875.0
10:36:02.839780	497	4375.0	-750.0	-687.0
10:36:02.842783	498	4250.0	-687.0	-875.0
10:36:02.845786	499	4312.0	-812.0	-812.0
10:36:02.848789	500	4187.0	-750.0	-687.0
10:36:02.851792	501	4187.0	-562.0	-687.0
10:36:02.854795	502	4250.0	-625.0	-1000.0
10:36:02.857798	503	4250.0	-687.0	-937.0
10:36:02.860801	504	4250.0	-687.0	-562.0
10:36:02.863804	505	4187.0	-562.0	-1062.0
10:36:02.866807	506	4437.0	-625.0	-625.0
10:36:02.869810	507	4187.0	-812.0	-937.0
10:36:02.872813	508	4187.0	-687.0	-875.0
10:36:02.875816	509	4437.0	-687.0	-1062.0
10:36:02.878819	510	4187.0	-687.0	-562.0
10:36:02.881822	511	4125.0	-500.0	-687.0
10:36:02.884825	512	4437.0	-625.0	-875.0
10:36:06.733808	1	4312.0	-687.0	-812.0
10:36:06.736811	2	4187.0	-812.0	-937.0
10:36:06.739814	3	4187.0	-750.0	-1125.0
10:36:06.742817	4	4125.0	-687.0	-1250.0
10:36:06.745820	5	4187.0	-687.0	-812.0
10:36:06.748823	6	4375.0	-937.0	-500.0
10:36:06.751826	7	4250.0	-812.0	-437.0
10:36:06.754829	8	4187.0	-625.0	-562.0
10:36:06.757832	9	4312.0	-562.0	-562.0
10:36:06.760835	10	4250.0	-875.0	-875.0
10:36:06.763838	11	4187.0	-812.0	-812.0
10:36:06.766841	12	4312.0	-562.0	-562.0
10:36:06.769844	13	4250.0	-750.0	-750.0
10:36:06.772847	14	4250.0	-812.0	-750.0
10:36:06.775850	15	4312.0	-812.0	-875.0
10:36:06.778853	16	4250.0	-625.0	-500.0
10:36:06.781856	17	4125.0	-562.0	-812.0
10:36:06.784859	18	4312.0	-625.0	-875.0
10:36:06.787862	19	4375.0	-812.0	-687.0
10:36:06.790865	20	4312.0	-750.0	-687.0
10:36:06.793868	21	4312.0	-750.0	-687.0
10:36:06.796871	22	4187.0	-750.0	-562.0
10:36:06.799874	23	4187.0	-750.0	-1000.0
10:36:06.802877	24	4125.0	-687.0	-1125.0
10:36:06.805880	25	4375.0	-625.0	-562.0
10:36:06.808883	26	4312.0	-812.0	-312.0
10:36:06.811886	27	4250.0	-687.0	-1000.0
10:36:06.814889	28	4187.0	-625.0	-812.0
10:36:06.817892	29	4187.0	-812.0	-687.0
10:36:06.820895	30	4250.0	-750.0	-875.0
10:36:06.823898	31	4250.0	-687.0	-875.0
10:36:06.826901	32	4250.0	-687.0	-750.0
10:36:06.829904	33	4312.0	-875.0	-750.0
10:36:06.832907	34	4312.0	-687.0	-937.0
10:36:06.835910	35	4250.0	-750.0	-812.0
10:36:06.838913	36	4250.0	-937.0	-1062.0
10:36:06.841916	37	4250.0	-687.0	-687.0
10:36:06.844919	38	4250.0	-687.0	-687.0
10:36:06.847922	39	4125.0	-812.0	-437.0
10:36:06.850925	40	4312.0	-937.0	-812.0
10:36:06.853928	41	4187.0	-625.0	-937.0
10:36:06.856931	42	4312.0	-812.0	-875.0
10:36:06.859934	43	4000.0	-875.0	-1000.0
10:36:06.862937	44	4250.0	-750.0	-875.0
10:36:06.865940	45	4250.0	-687.0	-812.0
10:36:06.868943	46	4375.0	-687.0	-625.0
10:36:06.871946	47	4187.0	-812.0	-1062.0
10:36:06.874949	48	4375.0	-625.0	-937.0
10:36:06.877952	49	4250.0	-750.0	-562.0
10:36:06.880955	50	4312.0	-562.0	-1000.0
10:36:06.883958	51	4250.0	-562.0	-1062.0
10:36:06.886961	52	4187.0	-875.0	-1000.0
10:36:06.889964	53	4250.0	-687.0	-937.0
10:36:06.892967	54	4187.0	-687.0	-1000.0
10:36:06.895970	55	4250.0	-875.0	-1062.0
10:36:06.898973	56	4187.0	-875.0	-937.0
10:36:06.901976	57	4125.0	-625.0	-750.0
10:36:06.904979	58	4375.0	-812.0	-625.0
10:36:06.907982	59	4250.0	-625.0	-875.0
10:36:06.910985	60	4375.0	-812.0	-937.0
10:36:06.913988	61	4125.0	-562.0	-687.0
10:36:06.916991	62	4375.0	-750.0	-625.0
10:36:06.919994	63	4312.0	-875.0	-750.0
10:36:06.922997	64	4125.0	-750.0	-812.0
10:36:06.926000	65	4375.0	-687.0	-875.0
10:36:06.929003	66	4375.0	-812.0	-687.0
10:36:06.932006	67	4125.0	-500.0	-750.0
10:36:06.935009	68	4187.0	-812.0	-812.0
10:36:06.938012	69	4125.0	-812.0	-1062.0
10:36:06.941015	70	4187.0	-750.0	-875.0
10:36:06.944018	71	4187.0	-812.0	-1000.0
10:36:06.947021	72	4312.0	-875.0	-812.0
10:36:06.950024	73	4250.0	-750.0	-812.0
10:36:06.953027	74	4187.0	-687.0	-625.0
10:36:06.956030	75	4250.0	-687.0	-687.0
10:36:06.959033	76	4250.0	-875.0	-812.0
10:36:06.962036	77	4187.0	-625.0	-1000.0
10:36:06.965039	78	4250.0	-562.0	-812.0
10:36:06.968042	79	4250.0	-750.0	-875.0
10:36:06.971045	80	4187.0	-750.0	-812.0
10:36:06.974048	81	4250.0	-687.0	-875.0
10:36:06.977051	82	4125.0	-750.0	-812.0
10:36:06.980054	83	4312.0	-625.0	-687.0
10:36:06.983057	84	4375.0	-625.0	-875.0
10:36:06.986060	85	4375.0	-812.0	-812.0
10:36:06.989063	86	4375.0	-750.0	-687.0
10:36:06.992066	87	4250.0	-750.0	-1062.0
10:36:06.995069	88	4375.0	-750.0	-687.0
10:36:06.998072	89	4250.0	-875.0	-812.0
10:36:07.001075	90	4250.0	-687.0	-1000.0
10:36:07.004078	91	4187.0	-687.0	-937.0
10:36:07.007081	92	4187.0	-812.0	-625.0
10:36:07.010084	93	4437.0	-750.0	-687.0
10:36:07.013087	94	4187.0	-687.0	-875.0
10:36:07.016090	95	4437.0	-750.0	-437.0
10:36:07.019093	96	4187.0	-750.0	-875.0
10:36:07.022096	97	4250.0	-562.0	-1250.0
10:36:07.025099	98	4375.0	-625.0	-625.0
10:36:07.028102	99	4312.0	-750.0	-250.0
10:36:07.031105	100	4375.0	-625.0	-875.0
10:36:07.034108	101	4187.0	-687.0	-1000.0
10:36:07.037111	102	4187.0	-875.0	-562.0
10:36:07.040114	103	4187.0	-812.0	-1000.0
10:36:07.043117	104	4187.0	-687.0	-812.0
10:36:07.046120	105	4187.0	-875.0	-1000.0
10:36:07.049123	106	4250.0	-875.0	-1062.0
10:36:07.052126	107	4125.0	-625.0	-687.0
10:36:07.055129	108	4187.0	-750.0	-687.0
10:36:07.058132	109	4187.0	-937.0	-937.0
10:36:07.061135	110	4187.0	-750.0	-1062.0
10:36:07.064138	111	4250.0	-687.0	-625.0
10:36:07.067141	112	4250.0	-687.0	-375.0
10:36:07.070144	113	4187.0	-625.0	-625.0
10:36:07.073147	114	4312.0	-625.0	-875.0
10:36:07.076150	115	4250.0	-500.0	-812.0
10:36:07.079153	116	4250.0	-625.0	-687.0
10:36:07.082156	117	4312.0	-625.0	-1125.0
10:36:07.085159	118	4312.0	-625.0	-875.0
10:36:07.088162	119	4375.0	-750.0	-687.0
10:36:07.091165	120	4375.0	-500.0	-812.0
10:36:07.094168	121	4312.0	-812.0	-1000.0
10:36:07.097171	122	4187.0	-750.0	-875.0
10:36:07.100174	123	4125.0	-687.0	-750.0
10:36:07.103177	124	4312.0	-625.0	-1000.0
10:36:07.106180	125	4187.0	-812.0	-750.0
10:36:07.109183	126	4312.0	-937.0	-1000.0
10:36:07.112186	127	4250.0	-625.0	-812.0
10:36:07.115189	128	4125.0	-625.0	-750.0
10:36:07.118192	129	4125.0	-875.0	-812.0
10:36:07.121195	130	4250.0	-687.0	-750.0
10:36:07.124198	131	4250.0	-687.0	-875.0
10:36:07.127201	132	4312.0	-875.0	-687.0
10:36:07.130204	133	4250.0	-625.0	-875.0
10:36:07.133207	134	4375.0	-687.0	-875.0
10:36:07.136210	135	4250.0	-812.0	-687.0
10:36:07.139213	136	4250.0	-812.0	-937.0
10:36:07.142216	137	4250.0	-750.0	-1000.0
10:36:07.145219	138	4187.0	-812.0	-625.0
10:36:07.148222	139	4250.0	-687.0	-437.0
10:36:07.151225	140	4250.0	-625.0	-750.0
10:36:07.154228	141	4312.0	-687.0	-750.0
10:36:07.157231	142	4312.0	-750.0	-687.0
10:36:07.160234	143	4125.0	-687.0	-875.0
10:36:07.163237	144	4250.0	-687.0	-625.0
10:36:07.166240	145	4250.0	-812.0	-562.0
10:36:07.169243	146	4250.0	-937.0	-812.0
10:36:07.172246	147	4187.0	-562.0	-1000.0
10:36:07.175249	148	4187.0	-687.0	-812.0
10:36:07.178252	149	4187.0	-687.0	-1000.0
10:36:07.181255	150	4312.0	-687.0	-937.0
10:36:07.184258	151	4375.0	-625.0	-750.0
10:36:07.187261	152	4250.0	-687.0	-812.0
10:36:07.190264	153	4250.0	-625.0	-750.0
10:36:07.193267	154	4437.0	-625.0	-750.0
10:36:07.196270	155	4312.0	-875.0	-1000.0
10:36:07.199273	156	4375.0	-687.0	-875.0
10:36:07.202276	157	4375.0	-625.0	-1000.0
10:36:07.205279	158	4312.0	-625.0	-687.0
10:36:07.208282	159	4250.0	-875.0	-1062.0
10:36:07.211285	160	4312.0	-687.0	-875.0
10:36:07.214288	161	4250.0	-812.0	-687.0
10:36:07.217291	162	4125.0	-812.0	-937.0
10:36:07.220294	163	4375.0	-625.0	-1062.0
10:36:07.223297	164	4312.0	-687.0	-687.0
10:36:07.226300	165	4312.0	-875.0	-687.0
10:36:07.229303	166	4250.0	-937.0	-750.0
10:36:07.232306	167	4437.0	-562.0	-687.0
10:36:07.235309	168	4250.0	-625.0	-687.0
10:36:07.238312	169	4312.0	-812.0	-812.0
10:36:07.241315	170	4250.0	-750.0	-1125.0
10:36:07.244318	171	4437.0	-687.0	-687.0
10:36:07.247321	172	4375.0	-1000.0	-625.0
10:36:07.250324	173	4250.0	-812.0	-875.0
10:36:07.253327	174	4250.0	-687.0	-1062.0
10:36:07.256330	175	4437.0	-750.0	-562.0
10:36:07.259333	176	4250.0	-875.0	-562.0
10:36:07.262336	177	4250.0	-750.0	-687.0
10:36:07.265339	178	4375.0	-812.0	-687.0
10:36:07.268342	179	4062.0	-937.0	-1000.0
10:36:07.271345	180	4250.0	-687.0	-812.0
10:36:07.274348	181	4187.0	-812.0	-750.0
10:36:07.277351	182	4312.0	-812.0	-500.0
10:36:07.280354	183	4187.0	-750.0	-1062.0
10:36:07.283357	184	4312.0	-750.0	-875.0
10:36:07.286360	185	4250.0	-625.0	-687.0
10:36:07.289363	186	4125.0	-687.0	-812.0
10:36:07.292366	187	4250.0	-562.0	-875.0
10:36:07.295369	188	4250.0	-687.0	-750.0
10:36:07.298372	189	4375.0	-687.0	-875.0
10:36:07.301375	190	4187.0	-687.0	-875.0
10:36:07.304378	191	4125.0	-875.0	-562.0
10:36:07.307381	192	4375.0	-625.0	-500.0
10:36:07.310384	193	4187.0	-625.0	-875.0
10:36:07.313387	194	4312.0	-812.0	-812.0
10:36:07.316390	195	4187.0	-875.0	-750.0
10:36:07.319393	196	4187.0	-625.0	-1000.0
10:36:07.322396	197	4375.0	-562.0	-687.0
10:36:07.325399	198	4312.0	-562.0	-750.0
10:36:07.328402	199	4312.0	-812.0	-1000.0
10:36:07.331405	200	4187.0	-562.0	-937.0
10:36:07.334408	201	4312.0	-687.0	-687.0
10:36:07.337411	202	4125.0	-500.0	-562.0
10:36:07.340414	203	4375.0	-687.0	-1000.0
10:36:07.343417	204	4250.0	-750.0	-625.0
10:36:07.346420	205	4250.0	-812.0	-312.0
10:36:07.349423	206	4187.0	-625.0	-1000.0
10:36:07.352426	207	4375.0	-562.0	-625.0
10:36:07.355429	208	4250.0	-687.0	-750.0
10:36:07.358432	209	4312.0	-750.0	-875.0
10:36:07.361435	210	4250.0	-687.0	-1000.0
10:36:07.364438	211	4250.0	-687.0	-875.0
10:36:07.367441	212	4250.0	-812.0	-687.0
10:36:07.370444	213	4187.0	-562.0	-687.0
10:36:07.373447	214	4375.0	-750.0	-875.0
10:36:07.376450	215	4062.0	-875.0	-812.0
10:36:07.379453	216	4250.0	-625.0	-1000.0
10:36:07.382456	217	4375.0	-750.0	-562.0
10:36:07.385459	218	4250.0	-812.0	-812.0
10:36:07.388462	219	4250.0	-812.0	-625.0
10:36:07.391465	220	4312.0	-687.0	-562.0
10:36:07.394468	221	4250.0	-687.0	-687.0
10:36:07.397471	222	4187.0	-687.0	-750.0
10:36:07.400474	223	4250.0	-625.0	-875.0
10:36:07.403477	224	4250.0	-625.0	-625.0
10:36:07.406480	225	4250.0	-812.0	-812.0
10:36:07.409483	226	4437.0	-812.0	-750.0
10:36:07.412486	227	4250.0	-750.0	-875.0
10:36:07.415489	228	4312.0	-875.0	-687.0
10:36:07.418492	229	4187.0	-812.0	-750.0
10:36:07.421495	230	4250.0	-687.0	-875.0
10:36:07.424498	231	4375.0	-687.0	-812.0
10:36:07.427501	232	4375.0	-875.0	-750.0
10:36:07.430504	233	4312.0	-562.0	-562.0
10:36:07.433507	234	4312.0	-812.0	-687.0
10:36:07.436510	235	4187.0	-812.0	-1000.0
10:36:07.439513	236	4187.0	-687.0	-1187.0
10:36:07.442516	237	4250.0	-750.0	-1000.0
10:36:07.445519	238	4312.0	-875.0	-875.0
10:36:07.448522	239	4312.0	-687.0	-937.0
10:36:07.451525	240	4187.0	-625.0	-625.0
10:36:07.454528	241	4250.0	-937.0	-937.0
10:36:07.457531	242	4187.0	-687.0	-812.0
10:36:07.460534	243	4187.0	-750.0	-875.0
10:36:07.463537	244	4250.0	-562.0	-500.0
10:36:07.466540	245	4250.0	-687.0	-750.0
10:36:07.469543	246	4250.0	-687.0	-687.0
10:36:07.472546	247	4312.0	-687.0	-625.0
10:36:07.475549	248	4187.0	-875.0	-750.0
10:36:07.478552	249	4250.0	-812.0	-1000.0
10:36:07.481555	250	4187.0	-687.0	-562.0
10:36:07.484558	251	4312.0	-812.0	-750.0
10:36:07.487561	252	4312.0	-687.0	-625.0
10:36:07.490564	253	4187.0	-750.0	-937.0
10:36:07.493567	254	4312.0	-875.0	-812.0
10:36:07.496570	255	4375.0	-875.0	-1000.0
10:36:07.499573	256	4187.0	-687.0	-937.0
10:36:07.502576	257	4125.0	-625.0	-750.0
10:36:07.505579	258	4250.0	-750.0	-687.0
10:36:07.508582	259	4250.0	-875.0	-937.0
10:36:07.511585	260	4250.0	-687.0	-812.0
10:36:07.514588	261	4187.0	-937.0	-500.0
10:36:07.517591	262	4187.0	-687.0	-562.0
10:36:07.520594	263	4250.0	-875.0	-937.0
10:36:07.523597	264	4250.0	-812.0	-750.0
10:36:07.526600	265	4187.0	-875.0	-1000.0
10:36:07.529603	266	4375.0	-625.0	-1000.0
10:36:07.532606	267	4250.0	-812.0	-687.0
10:36:07.535609	268	4125.0	-1000.0	-875.0
10:36:07.538612	269	4187.0	-812.0	-937.0
10:36:07.541615	270	4312.0	-750.0	-750.0
10:36:07.544618	271	4187.0	-875.0	-625.0
10:36:07.547621	272	4187.0	-875.0	-875.0
10:36:07.550624	273	4187.0	-625.0	-812.0
10:36:07.553627	274	4250.0	-687.0	-250.0
10:36:07.556630	275	4312.0	-875.0	-500.0
10:36:07.559633	276	4250.0	-687.0	-1187.0
10:36:07.562636	277	4187.0	-687.0	-687.0
10:36:07.565639	278	4187.0	-812.0	-562.0
10:36:07.568642	279	4312.0	-687.0	-625.0
10:36:07.571645	280	4187.0	-687.0	-687.0
10:36:07.574648	281	4062.0	-875.0	-875.0
10:36:07.577651	282	4250.0	-687.0	-1062.0
10:36:07.580654	283	4375.0	-750.0	-1000.0
10:36:07.583657	284	4250.0	-937.0	-812.0
10:36:07.586660	285	4187.0	-687.0	-687.0
10:36:07.589663	286	4437.0	-500.0	-750.0
10:36:07.592666	287	4375.0	-625.0	-687.0
10:36:07.595669	288	4375.0	-875.0	-812.0
10:36:07.598672	289	4187.0	-687.0	-937.0
10:36:07.601675	290	4375.0	-687.0	-937.0
10:36:07.604678	291	4312.0	-812.0	-875.0
10:36:07.607681	292	4187.0	-687.0	-1250.0
10:36:07.610684	293	4375.0	-687.0	-1312.0
10:36:07.613687	294	4250.0	-937.0	-562.0
10:36:07.616690	295	4312.0	-750.0	-1000.0
10:36:07.619693	296	4250.0	-812.0	-1125.0
10:36:07.622696	297	4250.0	-687.0	-750.0
10:36:07.625699	298	4187.0	-750.0	-750.0
10:36:07.628702	299	4375.0	-687.0	-687.0
10:36:07.631705	300	4250.0	-750.0	-625.0
10:36:07.634708	301	4312.0	-937.0	-1187.0
10:36:07.637711	302	4187.0	-812.0	-687.0
10:36:07.640714	303	4437.0	-562.0	-437.0
10:36:07.643717	304	4312.0	-750.0	-375.0
10:36:07.646720	305	4375.0	-875.0	-687.0
10:36:07.649723	306	4312.0	-625.0	-812.0
10:36:07.652726	307	4312.0	-625.0	-1062.0
10:36:07.655729	308	4375.0	-937.0	-750.0
10:36:07.658732	309	4250.0	-687.0	-937.0
10:36:07.661735	310	4187.0	-750.0	-812.0
10:36:07.664738	311	4375.0	-937.0	-625.0
10:36:07.667741	312	4250.0	-812.0	-687.0
10:36:07.670744	313	4187.0	-687.0	-875.0
10:36:07.673747	314	4250.0	-875.0	-687.0
10:36:07.676750	315	4250.0	-687.0	-812.0
10:36:07.679753	316	4250.0	-500.0	-1187.0
10:36:07.682756	317	4312.0	-750.0	-812.0
10:36:07.685759	318	4250.0	-812.0	-1000.0
10:36:07.688762	319	4250.0	-750.0	-1000.0
10:36:07.691765	320	4312.0	-812.0	-875.0
10:36:07.694768	321	4187.0	-875.0	-1125.0
10:36:07.697771	322	4187.0	-687.0	-1000.0
10:36:07.700774	323	4312.0	-812.0	-1000.0
10:36:07.703777	324	4250.0	-812.0	-312.0
10:36:07.706780	325	4250.0	-687.0	-812.0
10:36:07.709783	326	4437.0	-687.0	-750.0
10:36:07.712786	327	4312.0	-750.0	-812.0
10:36:07.715789	328	4437.0	-562.0	-562.0
10:36:07.718792	329	4187.0	-812.0	-1000.0
10:36:07.721795	330	4187.0	-687.0	-812.0
10:36:07.724798	331	4250.0	-812.0	-625.0
10:36:07.727801	332	4375.0	-812.0	-1000.0
10:36:07.730804	333	4312.0	-812.0	-1125.0
10:36:07.733807	334	4312.0	-875.0	-812.0
10:36:07.736810	335	4187.0	-750.0	-937.0
10:36:07.739813	336	4375.0	-625.0	-687.0
10:36:07.742816	337	4125.0	-875.0	-562.0
10:36:07.745819	338	4375.0	-812.0	-875.0
10:36:07.748822	339	4187.0	-750.0	-937.0
10:36:07.751825	340	4187.0	-875.0	-875.0
10:36:07.754828	341	4250.0	-750.0	-687.0
10:36:07.757831	342	4375.0	-812.0	-1062.0
10:36:07.760834	343	4312.0	-750.0	-812.0
10:36:07.763837	344	4437.0	-750.0	-375.0
10:36:07.766840	345	4375.0	-812.0	-812.0
10:36:07.769843	346	4250.0	-812.0	-562.0
10:36:07.772846	347	4312.0	-875.0	-750.0
10:36:07.775849	348	4250.0	-875.0	-937.0
10:36:07.778852	349	4250.0	-812.0	-875.0
10:36:07.781855	350	4187.0	-687.0	-500.0
10:36:07.784858	351	4312.0	-750.0	-1000.0
10:36:07.787861	352	4250.0	-625.0	-1000.0
10:36:07.790864	353	4375.0	-937.0	-750.0
10:36:07.793867	354	4250.0	-1000.0	-375.0
10:36:07.796870	355	4250.0	-1000.0	-1062.0
10:36:07.799873	356	4312.0	-562.0	-687.0
10:36:07.802876	357	4312.0	-937.0	-875.0
10:36:07.805879	358	4187.0	-875.0	-1000.0
10:36:07.808882	359	4250.0	-625.0	-625.0
10:36:07.811885	360	4312.0	-812.0	-687.0
10:36:07.814888	361	4187.0	-750.0	-937.0
10:36:07.817891	362	4250.0	-812.0	-875.0
10:36:07.820894	363	4250.0	-750.0	-937.0
10:36:07.823897	364	4312.0	-812.0	-562.0
10:36:07.826900	365	4375.0	-750.0	-937.0
10:36:07.829903	366	4437.0	-625.0	-875.0
10:36:07.832906	367	4250.0	-875.0	-687.0
10:36:07.835909	368	4375.0	-625.0	-750.0
10:36:07.838912	369	4375.0	-687.0	-750.0
10:36:07.841915	370	4250.0	-875.0	-1312.0
10:36:07.844918	371	4125.0	-812.0	-1125.0
10:36:07.847921	372	4250.0	-750.0	-875.0
10:36:07.850924	373	4375.0	-812.0	-812.0
10:36:07.853927	374	4125.0	-937.0	-875.0
10:36:07.856930	375	4250.0	-625.0	-1312.0
10:36:07.859933	376	4250.0	-687.0	-1000.0
10:36:07.862936	377	4250.0	-875.0	-375.0
10:36:07.865939	378	4187.0	-812.0	-875.0
10:36:07.868942	379	4312.0	-625.0	-562.0
10:36:07.871945	380	4187.0	-750.0	-562.0
10:36:07.874948	381	4375.0	-687.0	-625.0
10:36:07.877951	382	4375.0	-687.0	-1000.0
10:36:07.880954	383	4187.0	-812.0	-437.0
10:36:07.883957	384	4437.0	-812.0	-812.0
10:36:07.886960	385	4187.0	-562.0	-687.0
10:36:07.889963	386	4187.0	-750.0	-687.0
10:36:07.892966	387	4187.0	-937.0	-750.0
10:36:07.895969	388	4250.0	-812.0	-1187.0
10:36:07.898972	389	4187.0	-750.0	-687.0
10:36:07.901975	390	4437.0	-812.0	-875.0
10:36:07.904978	391	4187.0	-812.0	-875.0
10:36:07.907981	392	4375.0	-812.0	-562.0
10:36:07.910984	393	4062.0	-875.0	-562.0
10:36:07.913987	394	4250.0	-875.0	-1000.0
10:36:07.916990	395	4250.0	-750.0	-937.0
10:36:07.919993	396	4375.0	-875.0	-562.0
10:36:07.922996	397	4375.0	-687.0	-937.0
10:36:07.925999	398	4250.0	-812.0	-937.0
10:36:07.929002	399	4250.0	-562.0	-812.0
10:36:07.932005	400	4250.0	-875.0	-875.0
10:36:07.935008	401	4125.0	-812.0	-875.0
10:36:07.938011	402	4187.0	-812.0	-750.0
10:36:07.941014	403	4250.0	-812.0	-875.0
10:36:07.944017	404	4187.0	-812.0	-812.0
10:36:07.947020	405	4312.0	-750.0	-500.0
10:36:07.950023	406	4312.0	-687.0	-875.0
10:36:07.953026	407	4312.0	-875.0	-625.0
10:36:07.956029	408	4187.0	-875.0	-687.0
10:36:07.959032	409	4375.0	-625.0	-562.0
10:36:07.962035	410	4187.0	-875.0	-375.0
10:36:07.965038	411	4125.0	-875.0	-875.0
10:36:07.968041	412	4250.0	-750.0	-875.0
10:36:07.971044	413	4250.0	-500.0	-562.0
10:36:07.974047	414	4375.0	-812.0	-750.0
10:36:07.977050	415	4187.0	-750.0	-1000.0
10:36:07.980053	416	4125.0	-875.0	-625.0
10:36:07.983056	417	4375.0	-687.0	-750.0
10:36:07.986059	418	4187.0	-750.0	-750.0
10:36:07.989062	419	4187.0	-812.0	-562.0
10:36:07.992065	420	4187.0	-937.0	-437.0
10:36:07.995068	421	4250.0	-625.0	-625.0
10:36:07.998071	422	4250.0	-687.0	-875.0
10:36:08.001074	423	4125.0	-750.0	-500.0
10:36:08.004077	424	4187.0	-1062.0	-1000.0
10:36:08.007080	425	4250.0	-687.0	-875.0
10:36:08.010083	426	4250.0	-687.0	-875.0
10:36:08.013086	427	4125.0	-875.0	-1000.0
10:36:08.016089	428	4250.0	-875.0	-750.0
10:36:08.019092	429	4375.0	-687.0	-812.0
10:36:08.022095	430	4187.0	-812.0	-625.0
10:36:08.025098	431	4250.0	-687.0	-1062.0
10:36:08.028101	432	4187.0	-687.0	-875.0
10:36:08.031104	433	4312.0	-812.0	-562.0
10:36:08.034107	434	4250.0	-687.0	-812.0
10:36:08.037110	435	4250.0	-812.0	-750.0
10:36:08.040113	436	4187.0	-812.0	-937.0
10:36:08.043116	437	4250.0	-562.0	-750.0
10:36:08.046119	438	4187.0	-687.0	-687.0
10:36:08.049122	439	4187.0	-812.0	-687.0
10:36:08.052125	440	4187.0	-875.0	-1000.0
10:36:08.055128	441	4250.0	-875.0	-1000.0
10:36:08.058131	442	4187.0	-625.0	-875.0
10:36:08.061134	443	4187.0	-812.0	-625.0
10:36:08.064137	444	4125.0	-812.0	-1000.0
10:36:08.067140	445	4312.0	-562.0	-625.0
10:36:08.070143	446	4250.0	-750.0	-937.0
10:36:08.073146	447	4125.0	-812.0	-1125.0
10:36:08.076149	448	4187.0	-750.0	-937.0
10:36:08.079152	449	4375.0	-875.0	-750.0
10:36:08.082155	450	4312.0	-750.0	-875.0
10:36:08.085158	451	4312.0	-625.0	-812.0
10:36:08.088161	452	4250.0	-875.0	-875.0
10:36:08.091164	453	4250.0	-625.0	-1062.0
10:36:08.094167	454	4187.0	-812.0	-1187.0
10:36:08.097170	455	4187.0	-812.0	-812.0
10:36:08.100173	456	4187.0	-812.0	-500.0
10:36:08.103176	457	4250.0	-812.0	-1000.0
10:36:08.106179	458	4250.0	-812.0	-937.0
10:36:08.109182	459	4375.0	-687.0	-687.0
10:36:08.112185	460	4250.0	-687.0	-625.0
10:36:08.115188	461	4250.0	-625.0	-750.0
10:36:08.118191	462	4312.0	-687.0	-812.0
10:36:08.121194	463	4375.0	-812.0	-687.0
10:36:08.124197	464	4250.0	-750.0	-875.0
10:36:08.127200	465	4375.0	-750.0	-1000.0
10:36:08.130203	466	4250.0	-750.0	-687.0
10:36:08.133206	467	4375.0	-812.0	-1000.0
10:36:08.136209	468	4187.0	-750.0	-1062.0
10:36:08.139212	469	4250.0	-687.0	-812.0
10:36:08.142215	470	4250.0	-875.0	-562.0
10:36:08.145218	471	4312.0	-625.0	-625.0
10:36:08.148221	472	4187.0	-750.0	-1000.0
10:36:08.151224	473	4250.0	-750.0	-750.0
10:36:08.154227	474	4187.0	-875.0	-937.0
10:36:08.157230	475	4125.0	-625.0	-687.0
10:36:08.160233	476	4312.0	-875.0	-625.0
10:36:08.163236	477	4125.0	-812.0	-937.0
10:36:08.166239	478	4312.0	-687.0	-812.0
10:36:08.169242	479	4250.0	-687.0	-687.0
10:36:08.172245	480	4250.0	-750.0	-875.0
10:36:08.175248	481	4062.0	-625.0	-875.0
10:36:08.178251	482	4125.0	-750.0	-812.0
10:36:08.181254	483	4187.0	-812.0	-687.0
10:36:08.184257	484	4187.0	-687.0	-875.0
10:36:08.187260	485	4375.0	-750.0	-562.0
10:36:08.190263	486	4187.0	-812.0	-750.0
10:36:08.193266	487	4187.0	-625.0	-937.0
10:36:08.196269	488	4187.0	-625.0	-1000.0
10:36:08.199272	489	4312.0	-687.0	-1000.0
10:36:08.202275	490	4375.0	-812.0	-875.0
10:36:08.205278	491	4312.0	-687.0	-875.0
10:36:08.208281	492	4250.0	-875.0	-1062.0
10:36:08.211284	493	4125.0	-687.0	-625.0
10:36:08.214287	494	4312.0	-937.0	-687.0
10:36:08.217290	495	4187.0	-625.0	-875.0
10:36:08.220293	496	4312.0	-687.0	-687.0
10:36:08.223296	497	4375.0	-750.0	-937.0
10:36:08.226299	498	4187.0	-687.0	-1000.0
10:36:08.229302	499	4187.0	-625.0	-687.0
10:36:08.232305	500	4250.0	-875.0	-812.0
10:36:08.235308	501	4125.0	-687.0	-875.0
10:36:08.238311	502	4375.0	-437.0	-812.0
10:36:08.241314	503	4375.0	-687.0	-625.0
10:36:08.244317	504	4375.0	-812.0	-812.0
10:36:08.247320	505	4062.0	-687.0	-687.0
10:36:08.250323	506	4187.0	-750.0	-562.0
10:36:08.253326	507	4312.0	-812.0	-937.0
10:36:08.256329	508	4312.0	-562.0	-875.0
10:36:08.259332	509	4187.0	-812.0	-687.0
10:36:08.262335	510	4250.0	-875.0	-625.0
10:36:08.265338	511	4375.0	-625.0	-750.0
10:36:08.268341	512	4125.0	-625.0	-562.0
